1 0 0 0
2 0 0 0
3 0 0 0
4 0 0 0
5 0 0 0
6 0 0 0
7 0 0 0
8 0 0 0
9 0 0 0
10 0 0 0
11 0 0 0
12 0 0 0
13 0 0 0
14 0 0 0
15 0 0 0
16 0 0 0
17 0 0 0
18 0 0 0
19 0 0 0
20 0 0 0
21 0 0 0
22 0 0 0
23 0 0 0
24 0 0 0
25 0 0 0
26 0 0 0
27 0 0 0
28 0 0 0
29 0 0 0
30 0 0 0
31 0 0 0
32 0 0 0
33 0 0 0
34 0 0 0
35 0 0 0
36 0 0 0
37 0 0 0
38 0 0 0
39 0 0 0
40 0 0 0
41 0 0 0
42 0 0 0
43 0 0 0
44 0 0 0
45 0 0 0
46 0 0 0
47 0 0 0
48 0 0 0
49 0 0 0
50 0 0 0
51 0 0 0
52 0 0 0
53 0 0 0
54 0 0 0
55 0 0 0
56 0 0 0
57 0 0 0
58 0 0 0
59 0 0 0
60 0 0 0
61 7 13 1
62 7 13 1
63 7 13 1
64 9 37 1
65 9 37 1
66 9 37 1
67 9 14 1
68 9 14 1
69 9 14 1
70 1 29 1
71 1 29 1
72 1 29 1
73 6 20 1
74 6 20 1
75 6 20 1
76 3 41 1
77 3 41 1
78 3 41 1
79 3 27 1
80 3 27 1
81 3 27 1
82 5 24 1
83 5 24 1
84 5 24 1
85 7 56 1
86 7 56 1
87 7 56 1
88 1 40 1
89 1 40 1
90 1 40 1
91 10 49 1
92 10 49 1
93 10 49 1
94 5 54 1
95 5 54 1
96 5 54 1
97 8 52 1
98 8 52 1
99 8 52 1
100 6 46 1
101 6 46 1
102 6 46 1
103 10 48 1
104 10 48 1
105 10 48 1
106 8 23 1
107 8 23 1
108 8 23 1
109 10 33 1
110 10 33 1
111 10 33 1
112 10 35 1
113 10 35 1
114 10 35 1
115 4 22 1
116 4 22 1
117 4 22 1
118 7 31 1
119 7 31 1
120 7 31 1
121 5 59 1
122 5 59 1
123 5 59 1
124 6 28 1
125 6 28 1
126 6 28 1
127 2 16 1
128 2 16 1
129 2 16 1
130 9 51 1
131 9 51 1
132 9 51 1
133 5 34 1
134 5 34 1
135 5 34 1
136 4 18 1
137 4 18 1
138 4 18 1
139 1 55 1
140 1 55 1
141 1 55 1
142 2 39 1
143 2 39 1
144 2 39 1
145 2 26 1
146 2 26 1
147 2 26 1
148 3 21 1
149 3 21 1
150 3 21 1
151 5 42 1
152 5 42 1
153 5 42 1
154 3 17 1
155 3 17 1
156 3 17 1
157 4 53 1
158 4 53 1
159 4 53 1
160 8 44 1
161 8 44 1
162 8 44 1
163 2 19 1
164 2 19 1
165 2 19 1
166 4 15 1
167 4 15 1
168 4 15 1
169 9 30 1
170 9 30 1
171 9 30 1
172 1 57 1
173 1 57 1
174 1 57 1
175 6 58 1
176 6 58 1
177 6 58 1
178 2 12 1
179 2 12 1
180 2 12 1
181 6 45 1
182 6 45 1
183 6 45 1
184 10 36 1
185 10 36 1
186 10 36 1
187 1 50 1
188 1 50 1
189 1 50 1
190 9 32 1
191 9 32 1
192 9 32 1
193 8 47 1
194 8 47 1
195 8 47 1
196 7 11 1
197 7 11 1
198 7 11 1
199 7 43 1
200 7 43 1
201 7 43 1
202 3 25 1
203 3 25 1
204 3 25 1
205 8 60 1
206 8 60 1
207 8 60 1
208 4 38 1
209 4 38 1
210 4 38 1
211 87 115 2
212 87 115 2
213 87 115 2
214 116 189 2
215 116 189 2
216 116 189 2
217 193 158 2
218 193 158 2
219 193 158 2
220 129 84 2
221 129 84 2
222 129 84 2
223 97 165 2
224 97 165 2
225 97 165 2
226 197 145 2
227 197 145 2
228 197 145 2
229 129 180 2
230 129 180 2
231 129 180 2
232 193 123 2
233 193 123 2
234 193 123 2
235 130 138 2
236 130 138 2
237 130 138 2
238 153 83 2
239 153 83 2
240 153 83 2
241 129 185 2
242 129 185 2
243 129 185 2
244 116 143 2
245 116 143 2
246 116 143 2
247 197 78 2
248 197 78 2
249 197 78 2
250 193 103 2
251 193 103 2
252 193 103 2
253 163 167 2
254 163 167 2
255 163 167 2
256 87 203 2
257 87 203 2
258 87 203 2
259 130 89 2
260 130 89 2
261 130 89 2
262 87 156 2
263 87 156 2
264 87 156 2
265 197 162 2
266 197 162 2
267 197 162 2
268 129 114 2
269 129 114 2
270 129 114 2
271 193 135 2
272 193 135 2
273 193 135 2
274 116 128 2
275 116 128 2
276 116 128 2
277 209 72 2
278 209 72 2
279 209 72 2
280 97 173 2
281 97 173 2
282 97 173 2
283 87 122 2
284 87 122 2
285 87 122 2
286 163 208 2
287 163 208 2
288 163 208 2
289 130 199 2
290 130 199 2
291 130 199 2
292 209 73 2
293 209 73 2
294 209 73 2
295 130 81 2
296 130 81 2
297 130 81 2
298 209 147 2
299 209 147 2
300 209 147 2
301 163 110 2
302 163 110 2
303 163 110 2
304 130 133 2
305 130 133 2
306 130 133 2
307 97 95 2
308 97 95 2
309 97 95 2
310 153 164 2
311 153 164 2
312 153 164 2
313 163 166 2
314 163 166 2
315 163 166 2
316 209 172 2
317 209 172 2
318 209 172 2
319 116 154 2
320 116 154 2
321 116 154 2
322 129 204 2
323 129 204 2
324 129 204 2
325 153 148 2
326 153 148 2
327 153 148 2
328 97 176 2
329 97 176 2
330 97 176 2
331 209 126 2
332 209 126 2
333 209 126 2
334 116 67 2
335 116 67 2
336 116 67 2
337 197 134 2
338 197 134 2
339 197 134 2
340 87 192 2
341 87 192 2
342 87 192 2
343 153 198 2
344 153 198 2
345 153 198 2
346 193 70 2
347 193 70 2
348 193 70 2
349 97 150 2
350 97 150 2
351 97 150 2
352 163 109 2
353 163 109 2
354 163 109 2
355 153 102 2
356 153 102 2
357 153 102 2
358 197 99 2
359 197 99 2
360 197 99 2
361 304 346 3
362 304 346 3
363 304 346 3
364 232 261 3
365 232 261 3
366 232 261 3
367 284 270 3
368 284 270 3
369 284 270 3
370 245 314 3
371 245 314 3
372 245 314 3
373 311 332 3
374 311 332 3
375 311 332 3
376 232 236 3
377 232 236 3
378 232 236 3
379 348 295 3
380 348 295 3
381 348 295 3
382 250 357 3
383 250 357 3
384 250 357 3
385 250 259 3
386 250 259 3
387 250 259 3
388 232 349 3
389 232 349 3
390 232 349 3
391 213 340 3
392 213 340 3
393 213 340 3
394 284 255 3
395 284 255 3
396 284 255 3
397 299 313 3
398 299 313 3
399 299 313 3
400 299 249 3
401 299 249 3
402 299 249 3
403 213 227 3
404 213 227 3
405 213 227 3
406 284 334 3
407 284 334 3
408 284 334 3
409 304 281 3
410 304 281 3
411 304 281 3
412 213 269 3
413 213 269 3
414 213 269 3
415 304 244 3
416 304 244 3
417 304 244 3
418 348 321 3
419 348 321 3
420 348 321 3
421 238 278 3
422 238 278 3
423 238 278 3
424 348 233 3
425 348 233 3
426 348 233 3
427 299 240 3
428 299 240 3
429 299 240 3
430 213 246 3
431 213 246 3
432 213 246 3
433 311 344 3
434 311 344 3
435 311 344 3
436 284 325 3
437 284 325 3
438 284 325 3
439 304 282 3
440 304 282 3
441 304 282 3
442 213 271 3
443 213 271 3
444 213 271 3
445 304 273 3
446 304 273 3
447 304 273 3
448 250 279 3
449 250 279 3
450 250 279 3
451 232 305 3
452 232 305 3
453 232 305 3
454 245 302 3
455 245 302 3
456 245 302 3
457 299 241 3
458 299 241 3
459 299 241 3
460 348 234 3
461 348 234 3
462 348 234 3
463 245 221 3
464 245 221 3
465 245 221 3
466 250 316 3
467 250 316 3
468 250 316 3
469 311 331 3
470 311 331 3
471 311 331 3
472 238 341 3
473 238 341 3
474 238 341 3
475 238 319 3
476 238 319 3
477 238 319 3
478 245 211 3
479 245 211 3
480 245 211 3
481 299 272 3
482 299 272 3
483 299 272 3
484 238 242 3
485 238 242 3
486 238 242 3
487 245 275 3
488 245 275 3
489 245 275 3
490 232 243 3
491 232 243 3
492 232 243 3
493 311 251 3
494 311 251 3
495 311 251 3
496 284 220 3
497 284 220 3
498 284 220 3
499 238 339 3
500 238 339 3
501 238 339 3
502 311 277 3
503 311 277 3
504 311 277 3
505 250 215 3
506 250 215 3
507 250 215 3
508 348 217 3
509 348 217 3
510 348 217 3
511 461 389 4
512 461 389 4
513 461 389 4
514 408 385 4
515 408 385 4
516 408 385 4
517 404 396 4
518 404 396 4
519 404 396 4
520 399 390 4
521 399 390 4
522 399 390 4
523 384 508 4
524 384 508 4
525 384 508 4
526 384 452 4
527 384 452 4
528 384 452 4
529 438 460 4
530 438 460 4
531 438 460 4
532 408 409 4
533 408 409 4
534 408 409 4
535 470 401 4
536 470 401 4
537 470 401 4
538 399 446 4
539 399 446 4
540 399 446 4
541 489 370 4
542 489 370 4
543 489 370 4
544 461 414 4
545 461 414 4
546 461 414 4
547 438 397 4
548 438 397 4
549 438 397 4
550 399 485 4
551 399 485 4
552 399 485 4
553 489 432 4
554 489 432 4
555 489 432 4
556 438 444 4
557 438 444 4
558 438 444 4
559 489 406 4
560 489 406 4
561 489 406 4
562 384 465 4
563 384 465 4
564 384 465 4
565 442 378 4
566 442 378 4
567 442 378 4
568 470 382 4
569 470 382 4
570 470 382 4
571 384 407 4
572 384 407 4
573 384 407 4
574 418 492 4
575 418 492 4
576 418 492 4
577 399 457 4
578 399 457 4
579 399 457 4
580 408 443 4
581 408 443 4
582 408 443 4
583 489 369 4
584 489 369 4
585 489 369 4
586 442 374 4
587 442 374 4
588 442 374 4
589 399 415 4
590 399 415 4
591 399 415 4
592 470 367 4
593 470 367 4
594 470 367 4
595 442 425 4
596 442 425 4
597 442 425 4
598 461 450 4
599 461 450 4
600 461 450 4
601 408 376 4
602 408 376 4
603 408 376 4
604 404 510 4
605 404 510 4
606 404 510 4
607 470 441 4
608 470 441 4
609 470 441 4
610 404 495 4
611 404 495 4
612 404 495 4
613 418 454 4
614 418 454 4
615 418 454 4
616 404 467 4
617 404 467 4
618 404 467 4
619 461 398 4
620 461 398 4
621 461 398 4
622 470 362 4
623 470 362 4
624 470 362 4
625 408 463 4
626 408 463 4
627 408 463 4
628 384 506 4
629 384 506 4
630 384 506 4
631 404 416 4
632 404 416 4
633 404 416 4
634 442 504 4
635 442 504 4
636 442 504 4
637 418 474 4
638 418 474 4
639 418 474 4
640 438 429 4
641 438 429 4
642 438 429 4
643 461 439 4
644 461 439 4
645 461 439 4
646 442 488 4
647 442 488 4
648 442 488 4
649 418 473 4
650 418 473 4
651 418 473 4
652 438 436 4
653 438 436 4
654 438 436 4
655 418 427 4
656 418 427 4
657 418 427 4
658 489 509 4
659 489 509 4
660 489 509 4
661 611 560 5
662 611 560 5
663 611 560 5
664 588 658 5
665 588 658 5
666 588 658 5
667 639 607 5
668 639 607 5
669 639 607 5
670 654 570 5
671 654 570 5
672 654 570 5
673 526 566 5
674 526 566 5
675 526 566 5
676 592 552 5
677 592 552 5
678 592 552 5
679 526 543 5
680 526 543 5
681 526 543 5
682 533 529 5
683 533 529 5
684 533 529 5
685 588 579 5
686 588 579 5
687 588 579 5
688 637 599 5
689 637 599 5
690 637 599 5
691 654 596 5
692 654 596 5
693 654 596 5
694 637 531 5
695 637 531 5
696 637 531 5
697 588 587 5
698 588 587 5
699 588 587 5
700 611 521 5
701 611 521 5
702 611 521 5
703 639 624 5
704 639 624 5
705 639 624 5
706 611 608 5
707 611 608 5
708 611 608 5
709 637 564 5
710 637 564 5
711 637 564 5
712 592 546 5
713 592 546 5
714 592 546 5
715 654 627 5
716 654 627 5
717 654 627 5
718 611 628 5
719 611 628 5
720 611 628 5
721 577 573 5
722 577 573 5
723 577 573 5
724 592 593 5
725 592 593 5
726 592 593 5
727 592 594 5
728 592 594 5
729 592 594 5
730 533 524 5
731 533 524 5
732 533 524 5
733 526 610 5
734 526 610 5
735 526 610 5
736 577 613 5
737 577 613 5
738 577 613 5
739 588 563 5
740 588 563 5
741 588 563 5
742 611 539 5
743 611 539 5
744 611 539 5
745 533 542 5
746 533 542 5
747 533 542 5
748 649 657 5
749 649 657 5
750 649 657 5
751 526 561 5
752 526 561 5
753 526 561 5
754 637 653 5
755 637 653 5
756 637 653 5
757 533 602 5
758 533 602 5
759 533 602 5
760 649 646 5
761 649 646 5
762 649 646 5
763 649 622 5
764 649 622 5
765 649 622 5
766 533 655 5
767 533 655 5
768 533 655 5
769 577 534 5
770 577 534 5
771 577 534 5
772 649 574 5
773 649 574 5
774 649 574 5
775 639 635 5
776 639 635 5
777 639 635 5
778 577 586 5
779 577 586 5
780 577 586 5
781 654 614 5
782 654 614 5
783 654 614 5
784 649 612 5
785 649 612 5
786 649 612 5
787 639 517 5
788 639 517 5
789 639 517 5
790 639 540 5
791 639 540 5
792 639 540 5
793 588 620 5
794 588 620 5
795 588 620 5
796 526 626 5
797 526 626 5
798 526 626 5
799 637 523 5
800 637 523 5
801 637 523 5
802 592 623 5
803 592 623 5
804 592 623 5
805 577 615 5
806 577 615 5
807 577 615 5
808 654 527 5
809 654 527 5
810 654 527 5
