1	1	1	1.1137626	149.64	11.57	12
2	1	1	0.9003032	146.52	11.59	12
3	1	1	1.0201545	147.6	8.49	12
4	1	1	-0.4284732	150.73	10.95	13
5	1	1	-0.02693	146.14	9.44	10
6	1	1	-1.485756	150.33	11.17	14
7	1	1	0.0276009	148.03	11.32	14
8	1	1	0.3635835	150.88	12.97	12
9	1	1	-1.1888695	151.32	10.73	12
10	1	1	-1.500896	146.03	10.79	13
11	1	1	-1.766191	151.52	10.56	11
12	1	1	0.378624	152.3	12.56	15
13	1	1	0.399693386	151.81	10.76	13
14	1	1	-0.817109	150.43	9.38	13
15	1	1	-1.1645747	142.92	12.26	15
16	1	1	0.5946643	155.73	11.41	16
17	1	1	0.5418649	151.25	10.54	14
18	1	1	-0.0698741	148.56	9.91	17
19	1	1	0.6974241	148.87	10.84	13
20	1	1	-1.211548	152.9	11.59	12
21	1	1	-0.8297268	142.14	10.95	13
22	1	1	1.0745332	146.74	13.04	14
23	1	1	0.6527439	153.25	12.42	14
24	1	1	-1.5548187	154.16	10.16	12
25	1	1	0.3444279	150.43	11.76	13
26	1	1	2.2477454	150.82	10.55	12
27	1	1	-3.206296	148.76	8.85	7
28	1	1	1.791575	145.1	9.14	12
29	1	1	1.2460932	148.56	10.18	12
30	1	1	-2.2821054	150.46	10.51	11
31	1	1	2.947153	152.58	12.53	12
32	1	1	0.0246572	153.03	10.81	13
33	1	1	0.80544756	152.71	11.41	13
34	1	1	-0.0112659	150.24	13.28	15
35	1	1	-0.648925	147.86	9.79	13
36	1	1	-0.0567591	154.45	9.38	14
37	1	1	1.934447	154.12	12.36	13
38	1	1	1.170937	147.18	10.13	15
39	1	1	-0.5374805	146.99	12.14	13
40	1	1	1.0634139	151.45	10.82	15
41	1	1	1.0539999	147.98	11.03	15
42	1	1	-2.720751	145.69	8.56	11
43	1	1	0.802649	151.06	9.69	12
44	1	1	-2.17491	147.56	7.73	12
45	1	1	1.340995	146.07	9.89	11
46	1	1	-3.6576044	151.83	10.63	16
47	1	1	-1.3244738	149.92	9.34	14
48	1	1	0.593939	151.31	10.16	11
49	1	1	0.6724649	150.73	12.38	11
50	1	1	-1.9498771	148.65	10.6	12
51	1	1	-1.0368168	154.72	10.44	13
52	1	1	1.3189446	149.79	10.31	12
53	1	1	-0.3975617	148.92	10.49	13
54	1	1	0.2717904	149.36	10.35	14
55	1	1	-1.0893708	150.72	10.87	14
56	1	1	-0.904726592	152.51	10.88	13
57	1	1	-0.344747	145.95	9.95	12
58	1	1	0.9559138	145.2	10.83	13
59	1	1	-3.196024	153.39	10.53	15
60	1	1	-2.1065	148.14	11.44	15
61	1	1	-1.415289	150.29	8.92	14
62	1	1	-0.3142179	150.55	12.23	15
63	1	1	-1.2884665	151.22	11.06	12
64	1	1	0.3157478	147.54	11.81	13
65	1	1	0.2832141	152.29	11.58	16
66	1	1	-0.684109949	151.07	9.87	14
67	1	1	1.939632	155.64	12.57	15
68	1	1	0.298071	149.29	8.59	13
69	1	1	3.910024	159.41	10.75	14
70	1	1	-1.7953941	148.85	9.72	12
71	1	1	-1.578375	145.55	10.29	10
72	1	1	-2.362435	147.37	11.52	13
73	1	1	-1.557351	147.02	10.72	12
74	1	1	1.3033884	152.1	10.94	17
75	1	1	0.788918449	151.9	8.96	13
76	1	1	-1.19313835	146.92	10.29	13
77	1	1	0.365501	151.12	9.72	13
78	1	1	1.5681678	151.48	11.41	12
79	1	1	1.554162	145.88	11.59	15
80	1	1	-1.00837	151.25	10.65	15
81	1	1	-0.754003253	150.49	9.03	13
82	1	1	-1.2252963	146.47	12.21	13
83	1	1	0.3974784	151.89	12.83	15
84	1	1	-4.0845238	150.64	11.85	14
85	1	1	2.345908	147.9	8.09	11
86	1	1	1.359603	146.8	8.16	11
87	1	1	-0.209001	150.35	9.23	12
88	1	1	2.1243551	150.2	10.91	12
89	1	1	1.924297	149.12	11.9	12
90	1	1	-0.826121	149.84	10.71	15
91	1	1	0.4703943	156.26	12.16	18
92	1	1	1.680505	149.72	11.93	12
93	1	1	-0.2231383	147.94	10.97	15
94	1	1	-1.5492053	149.08	10.46	12
95	1	1	-2.2287537	151.08	11.16	17
96	1	1	0.6029709	149.49	10.16	15
97	1	1	1.2653331	154.17	12.27	12
98	1	1	1.971523	152.39	11.3	13
99	1	1	-1.630032	149.33	10.17	10
100	1	1	0.662971	150.66	11.1	15
101	1	1	1.631597	150.36	10.93	13
102	1	1	1.188898	160.84	10.32	14
103	1	1	0.6964183	145.5	10.08	16
104	1	1	-0.4219871	152.72	8.92	11
105	1	1	-1.0104348	153.2	10.47	14
106	1	1	0.10245	152.13	12.03	13
107	1	1	0.8870658	148.57	11.9	13
108	1	1	-3.3356248	152.85	10.08	11
109	1	1	-5.313112	151.83	11.7	11
110	1	1	-0.6610337	145.16	7.66	12
111	1	1	-1.5378759	149.02	10.9	14
112	1	1	1.3207583	149.71	10.88	13
113	1	1	2.0682961	152.5	11.75	13
114	1	1	-1.2790678	149.96	10.97	12
115	1	1	0.134639	150.04	9.35	12
116	1	1	0.353014	152.35	10.15	11
117	1	1	-1.6631099	151.85	14.67	12
118	1	1	-0.7088479	150.71	14.25	12
119	1	1	-0.1776866	150.4	10.54	14
120	1	1	-0.740734	153.49	10.86	14
121	1	1	0.0059888	150.08	11.18	14
122	1	1	1.0397601	148.71	12.45	12
123	1	1	1.126612	155.41	11.65	10
124	1	1	1.938277	145.58	11.09	10
125	1	1	-0.1359738	154.17	10.25	13
126	1	1	1.17086	150.71	9.83	12
127	1	1	-1.3614179	155.07	10.19	13
128	1	1	-0.4064154	150.89	11.91	8
129	1	1	0.7936566	150.46	9.78	14
130	1	1	-0.715313804	148.15	10.65	14
131	1	1	-1.1028755	152.54	10.08	10
132	1	1	-3.6696273	151.08	10.32	15
133	1	1	-1.65542	152.48	11.06	12
134	1	1	2.1146747	151.12	12.36	14
135	1	1	0.4001686	150.36	11.05	12
136	1	1	2.868094	146.06	10.41	11
137	1	1	1.7214595	146.68	12.4	12
138	1	1	2.308351	149.45	13.18	15
139	1	1	0.6973604	151.76	10.56	15
140	1	1	1.16625599	151.86	7.5	12
141	1	1	-0.791529984	151.46	9.65	10
142	1	1	-0.617228	148.16	8.74	11
143	1	1	-1.4040454	145.45	6.65	9
144	1	1	-1.703093	154.06	13.17	16
145	1	1	-1.503919	150.09	10.41	12
146	1	1	0.842630383	148.13	10.73	12
147	1	1	-0.7585171	150.44	12.77	15
148	1	1	-0.5882169	152.32	12.36	12
149	1	1	-1.984713586	158.8	9.42	10
150	1	1	0.9269209	155.72	10	14
151	1	1	-0.9083105	150.09	13.11	14
152	1	1	-0.50436109	149.54	11.17	14
153	1	1	1.373957665	147.89	12	13
154	1	1	0.2831959	150.78	11.79	14
155	1	1	-1.2197016	148.4	11.6	14
156	1	1	-2.446411	147.54	13.23	14
157	1	1	0.6268745	152.05	13.54	13
158	1	1	-1.184801	151.35	13.1	14
159	1	1	-0.2238188	152.42	10.09	15
160	1	1	0.283134618	153.13	11.78	15
161	1	1	1.1172069	155.14	12.45	15
162	1	1	-1.576565	154.45	12.83	14
163	1	1	1.2589163	148.59	11.65	12
164	1	1	1.6562966	144.7	11.71	13
165	1	1	-0.3386379	148.47	11.01	12
166	1	1	-0.2802997	149.69	12.03	12
167	1	1	-0.1519332	156.45	10.83	15
168	1	1	-0.7284468	142.89	10.97	10
169	1	1	0.0855048	152.34	10.99	14
170	1	1	1.077565	151.54	11.29	16
171	1	1	-2.155438	150.01	12.37	11
172	1	1	1.028582019	156.79	8.2	15
173	1	1	1.1098796	153.19	9.72	10
174	1	1	0.654381228	148.6	9.65	13
175	1	1	-0.2780531	154.18	11.06	16
176	1	1	-1.3759436	151.35	9.6	14
177	1	1	-0.9065953	152.63	11.68	15
178	1	1	-1.1581641	149.08	8.43	14
179	1	1	-0.9158642	149.01	15.4	14
180	1	1	-1.3182413	150.76	10.77	13
181	1	1	3.4413851	144.49	11.05	10
182	1	1	0.447073953	151.09	13.27	17
183	1	1	-0.657449	150.86	10.42	11
184	1	1	-0.3360244	145.18	10.2	11
185	1	1	-0.630312	152.85	11.55	15
186	1	1	-0.3128823	151.74	12.24	12
187	1	1	-1.745392	153.71	13.24	17
188	1	1	-0.5236866	151.1	8.75	11
189	1	1	-1.159901	144.78	10.16	11
190	1	1	-0.704282462	150.77	10.77	14
191	1	1	-0.198487276	155.31	11.54	14
192	1	1	-0.8282288	147.02	12.15	12
193	1	1	1.296201809	151.1	9.47	12
194	1	1	-0.1024806	146.83	11.65	13
195	1	1	0.6884007	146.2	10.52	14
196	1	1	-0.927306731	152.78	11.39	14
197	1	1	-1.235032	148.92	11.06	14
198	1	1	-2.2004913	153.17	11.72	15
199	1	1	1.7449599	152.83	11.07	15
200	1	1	0.3202659	152.41	13.44	15
201	1	2	1.8872337	150.02	10.23	15
202	1	2	-0.5177257	149.09	11.4	12
203	1	2	0.383399411	148.86	10.61	13
204	1	2	0.57359	147.05	12.04	13
205	1	2	0.049718183	147.37	9.86	13
206	1	2	0.1104623	151.92	12.7	14
207	1	2	-1.4553368	145.17	11.88	13
208	1	2	1.95725662	145.99	11.12	11
209	1	2	-0.73467	147.77	9.66	13
210	1	2	1.4889176	148.85	9.79	13
211	1	2	-2.282236	151.83	10.16	12
212	1	2	-2.0560849	146.54	11.08	13
213	1	2	-0.913516387	152.31	11.24	16
214	1	2	1.445665	155.58	13.27	14
215	1	2	-0.377485766	151.67	11.44	11
216	1	2	0.4907649	153.93	10.88	17
217	1	2	0.495601	149.37	10.1	11
218	1	2	1.22128	153.91	10.78	16
219	1	2	0.029129	143.56	12.01	9
220	1	2	0.2373493	149.54	11.74	14
221	1	2	-1.016918	154.41	10.91	13
222	1	2	-2.579238	145.64	10.65	13
223	1	2	0.1719732	149.79	9.1	15
224	1	2	0.7138912	149.37	12.68	10
225	1	2	-0.167271	144.08	12.35	13
226	1	2	-0.7252739	149.76	12.5	13
227	1	2	-0.769628	147.89	13.62	15
228	1	2	1.712041	153.98	11.34	10
229	1	2	-1.7356467	145.62	8.19	12
230	1	2	-1.349115	149.15	9.2	13
231	1	2	-2.0421285	146.6	7.59	14
232	1	2	0.7004449	152.08	13.65	16
233	1	2	-0.950921	149.75	11.74	10
234	1	2	1.426066596	148.93	12.64	14
235	1	2	-1.507234	152.51	12.4	16
236	1	2	-0.0120692	153.14	11.75	13
237	1	2	-1.91108	148.02	10.5	13
238	1	2	1.453865	157.18	10.29	15
239	1	2	0.476988	151.39	9.34	14
240	1	2	0.4340819	152.28	10.68	12
241	1	2	-0.4176202	150.72	11.45	12
242	1	2	-1.421976	148.12	8.56	15
243	1	2	-0.357778267	151.34	14.57	15
244	1	2	-2.3922219	151.64	8.97	12
245	1	2	-1.9911711	149.32	9.64	15
246	1	2	-0.6674034	148.82	9.42	13
247	1	2	-2.1215554	144.73	11.11	13
248	1	2	1.0391922	151.81	11.76	14
249	1	2	0.1875399	150.6	9.75	15
250	1	2	-1.1279441	146.95	11.77	14
251	1	2	-1.4255927	150.69	10.03	14
252	1	2	-0.596713	154.23	11.11	13
253	1	2	1.129600357	148.94	11.36	12
254	1	2	-1.088809	153.11	8.49	13
255	1	2	-2.086443	148.38	14.29	14
256	1	2	0.947069	151.86	10.44	11
257	1	2	2.545826	153.79	12.79	13
258	1	2	1.1080534	145.03	12.38	13
259	1	2	-1.524117	149.73	7.84	12
260	1	2	-1.1052288	144.5	8.98	10
261	1	2	-0.0681296	150.81	10.69	11
262	1	2	-0.2530428	153.98	9.92	14
263	1	2	-2.726535	151.96	12.02	13
264	1	2	1.8805107	146.1	11.31	14
265	1	2	0.0017155	148.36	12.82	13
266	1	2	-4.639677	150.45	11.7	13
267	1	2	-0.7091229	152.83	11.2	12
268	1	2	-0.1092569	151.68	9.82	14
269	1	2	-0.2784885	149.74	11.04	15
270	1	2	-1.844665	144.37	9.84	13
271	1	2	1.4960281	150.43	11.93	13
272	1	2	1.489972	149.89	12.27	11
273	1	2	-1.3518077	140.69	10.31	10
274	1	2	0.4217438	154.45	12.07	13
275	1	2	0.582604	150.37	12.83	13
276	1	2	0.7699396	152.52	10.15	12
277	1	2	-1.0237057	150.42	10.74	10
278	1	2	0.2853212	148.85	11.84	11
279	1	2	2.092323	156.53	10.69	13
280	1	2	-2.7206685	153.1	12.95	14
281	1	2	-1.5622142	151.47	10.56	14
282	1	2	0.6476397	153.56	8.1	13
283	1	2	-1.3674325	157.26	10.21	10
284	1	2	-0.945583	150.28	11.32	13
285	1	2	-2.0551252	153.5	10.08	13
286	1	2	0.0914943	148.43	11.24	17
287	1	2	-1.4402849	148.29	14.37	15
288	1	2	-0.6785651	152.5	12.49	16
289	1	2	-0.6819361	153.64	11.34	11
290	1	2	-0.2156514	155.26	8.85	11
291	1	2	0.2456708	152.77	9.68	15
292	1	2	0.77309649	148.01	9.88	11
293	1	2	-1.759948	151.26	11.56	13
294	1	2	-0.825346	154.16	10.51	14
295	1	2	0.4839985	148.23	11.55	15
296	1	2	2.275335	153.15	13.24	14
297	1	2	1.1266387	154.02	10.07	14
298	1	2	-0.574219	152.53	10.87	12
299	1	2	-0.4706645	153.21	10.69	11
300	1	2	-0.3585808	152.77	9.33	14
301	1	2	-1.432568	147.65	11.03	14
302	1	2	-1.1935845	147.55	10.05	14
303	1	2	-2.524825	151.61	13.52	14
304	1	2	-1.6998439	152.25	13.15	13
305	1	2	-0.8794114	149.72	10.23	14
306	1	2	0.3784581	152.35	9.74	14
307	1	2	-0.64869	147.76	11.81	12
308	1	2	0.8722488	145.86	12.45	12
309	1	2	1.203809671	145.87	11	14
310	1	2	-0.310955	150.68	9.92	13
311	1	2	-0.4849221	148.43	12.02	13
312	1	2	-0.649675	149.69	10.36	12
313	1	2	-1.2199562	151.14	12.2	14
314	1	2	0.0564769	153.88	14.32	15
315	1	2	-0.876404817	149.9	10.74	10
316	1	2	1.4582082	149.74	10.83	17
317	1	2	1.4536499	143.79	8.42	12
318	1	2	-0.063133689	146.93	11.82	14
319	1	2	0.440359	151.06	9.25	15
320	1	2	-0.7281716	149.83	12.13	13
321	1	2	0.4906791	148.38	11.31	14
322	1	2	1.6736279	150.47	11.05	11
323	1	2	1.143631	150.15	10.3	12
324	1	2	1.0566885	151.12	10.14	13
325	1	2	1.574018	147.38	9.45	12
326	1	2	0.824371	154.15	12.54	17
327	1	2	0.41035829	151.75	10.79	13
328	1	2	-0.6994804	153.55	11.74	14
329	1	2	0.3576324	153.59	9.7	13
330	1	2	1.6597393	153.85	12.01	14
331	1	2	0.3243591	152.3	10.72	14
332	1	2	-1.1721197	151.91	9.68	12
333	1	2	-0.7992629	149.25	9.55	16
334	1	2	0.293952	146.12	12.93	15
335	1	2	-1.0973536	147.5	8.78	11
336	1	2	-2.542756	150.44	10.34	12
337	1	2	-0.8503313	150.75	10.75	10
338	1	2	1.31297	150.02	12.01	15
339	1	2	-1.714078	152.24	10.34	12
340	1	2	2.2299	147.62	11.82	13
341	1	2	-0.3853149	148.98	10.05	12
342	1	2	-0.5416339	145.14	11.19	13
343	1	2	1.1727734	152.65	8.79	14
344	1	2	-0.6269717	149	10.88	13
345	1	2	-2.559588	154.6	10.75	15
346	1	2	-1.606451	155.53	10.88	13
347	1	2	0.4381621	145.64	8.38	11
348	1	2	-0.882466	149.14	12.85	14
349	1	2	0.784454	147.56	12.02	13
350	1	2	0.078651	149.62	14.17	12
351	1	2	-0.11800033	142.64	10.42	14
352	1	2	0.0294431	154.2	10.34	12
353	1	2	0.3749176	148.16	10.73	12
354	1	2	0.6136475	151.76	9.91	13
355	1	2	-0.0989299	149.65	11.38	12
356	1	2	0.4005805	147.2	8.02	13
357	1	2	1.641562	149.98	11.35	11
358	1	2	0.700033	147.83	11.98	13
359	1	2	0.510094562	146.22	10.09	14
360	1	2	0.946954	155.26	13.43	14
361	1	2	0.0371357	147.85	9.58	14
362	1	2	0.6479904	149.99	10.2	12
363	1	2	0.2496109	145.88	11.33	12
364	1	2	1.1467186	153.32	10.62	13
365	1	2	-0.7328681	149.64	11.9	14
366	1	2	-1.198532	144.04	12.22	13
367	1	2	-0.985867	152.89	10.36	14
368	1	2	-2.132075	153.07	10.2	14
369	1	2	-1.829566	152.37	10.78	15
370	1	2	1.9592535	147.77	9.31	13
371	1	2	-0.5372285	151.43	13.58	15
372	1	2	-1.4968905	149.08	12.29	8
373	1	2	0.199377	151.22	11.21	14
374	1	2	0.239095	143.5	8.38	11
375	1	2	0.868373	147.33	10.32	16
376	1	2	0.638385	144.34	12.98	11
377	1	2	0.1839718	151.68	12.49	12
378	1	2	-0.3630449	147.51	15.43	14
379	1	2	-1.2516231	150.75	13.81	13
380	1	2	-0.1652623	146.16	14.72	14
381	1	2	-2.48477	153.89	10.74	13
382	1	2	-0.3536419	141.82	10.74	10
383	1	2	-1.268061	148.33	11.29	15
384	1	2	1.38737	152.39	9.69	13
385	1	2	-2.13267	152.81	9.11	12
386	1	2	-0.8672408	152.55	10.73	14
387	1	2	1.4114672	146.92	9.22	12
388	1	2	-0.9263202	145.08	8.85	14
389	1	2	-2.1922884	144.92	10.84	12
390	1	2	-1.441997	153.62	11.6	15
391	1	2	-0.4577719	145.29	10.35	14
392	1	2	-0.5477994	154.78	11.95	16
393	1	2	-0.1587405	143.8	10.4	10
394	1	2	-2.991675	149.92	12.1	14
395	1	2	0.4801111	151.34	12.06	16
396	1	2	-3.342606	146.34	11.28	13
397	1	2	-2.0779	149.04	7.25	13
398	1	2	-1.814603	148.91	11.16	13
399	1	2	-0.614201	146.29	9.99	16
400	1	2	-1.718977	147.37	9.36	10
401	1	2	-4.092597	152.23	12.38	14
402	1	2	-1.1109488	148.87	8.28	12
403	1	2	-0.5107525	151.24	11.2	10
404	1	2	1.0907991	149.03	11.16	12
405	1	2	0.6433386	149.34	11.7	14
406	1	2	-2.574633	150.8	16.57	13
407	1	2	-3.726957	145.91	10.07	10
408	1	2	-0.4590851	151.49	10.28	15
409	1	2	2.411139	149.19	11.79	14
410	1	2	1.197988	150.3	9.57	12
411	1	2	0.871462	146.94	12.6	12
412	1	2	0.5025915	149.91	9.26	14
413	1	2	-0.3037262	148.22	8.79	11
414	1	2	-0.804357	151.22	11.63	14
415	1	2	-0.3060384	153.56	10.89	12
416	1	2	0.6557267	151	12.84	13
417	1	2	-1.1083928	149.96	13.37	17
418	1	2	-0.3523594	151.22	10.34	15
419	1	2	1.311437638	148	12.7	12
420	1	2	-0.521898	152.68	10.98	12
421	1	2	0.1631263	149.85	10.96	12
422	1	2	0.7680086	150.88	11.49	13
423	1	2	-0.5986893	149.22	11.15	15
424	1	2	0.950749	154.18	9.77	15
425	1	2	-2.747796	152.6	12.26	15
426	1	2	2.4902431	140.89	13.45	13
427	1	2	0.8234726	148.77	12.45	13
428	1	2	-0.8324394	148.34	9.98	10
429	1	2	-1.4941483	150.01	10.87	12
430	1	2	0.548579	150.69	12.78	15
431	1	2	1.042299	152.92	11.51	10
432	1	2	-1.1408569	148.38	9.53	11
433	1	2	0.2730911	142.61	10.76	12
434	1	2	0.661123	148.88	9.57	10
435	1	2	-2.933241	146.9	10.83	12
436	1	2	1.235575	151.92	11.52	13
437	1	2	-0.0859148	148.56	10.98	12
438	1	2	0.2162329	153.81	11.03	16
439	1	2	2.492868	152.52	12.88	13
440	1	2	1.0089879	153.89	12.88	15
441	1	2	2.879147	154.71	12.34	16
442	1	2	-0.3066994	144.63	12.8	11
443	1	2	-0.1357084	147.57	12.74	13
444	1	2	1.483069	147.04	9.92	17
445	1	2	-0.3842944	143.98	9.54	16
446	1	2	0.827864	147.24	11	11
447	1	2	0.4125964	146.2	12.28	14
448	1	2	-0.671646	147.74	10.73	13
449	1	2	-1.4217913	150.23	13.89	11
450	1	2	-0.8354863	151.12	12.92	12
451	1	2	1.657901	153.09	10.56	11
452	1	2	1.0587744	151.81	10.66	13
453	1	2	0.429951	151.61	12.28	12
454	1	2	-1.5256408	154.68	13.29	13
455	1	2	-0.7728553	149.99	10.94	12
456	1	2	1.4708005	152.84	11.93	17
457	1	2	0.3644556	152.28	13.77	15
458	1	2	-0.9205234	151.61	12.52	13
459	1	2	-0.3323065	152	13.51	14
460	1	2	2.1338641	148.06	11.6	13
461	1	2	1.865788	151.56	10.89	13
462	1	2	0.659012	151.81	13.89	14
463	1	2	-3.351309	153.8	11.87	13
464	1	2	-2.0061673	153.3	11.9	13
465	1	2	-1.693285	147.83	11.64	13
466	1	2	-0.612439	153.69	12.25	13
467	1	2	-0.3313276	153.62	11.51	13
468	1	2	-2.820173	149.24	10.41	12
469	1	2	0.4062762	148.53	11.3	14
470	1	2	1.295315703	154.57	11.95	16
471	1	2	-0.4345983	147.4	10.7	11
472	1	2	0.1001643	153.75	10.82	14
473	1	2	0.0115938	154.25	10.37	18
474	1	2	-1.0776927	148.86	9.89	12
475	1	2	-0.587621	149.28	11.31	11
476	1	2	-1.398488	150.98	10.32	13
477	1	2	-4.741544	149.88	12.99	15
478	1	2	-0.3192849	141.01	8.06	12
479	1	2	-1.572840401	153.24	12.54	16
480	1	2	-2.681256	150.55	9.78	10
481	1	2	1.2740287	150.97	11.61	14
482	1	2	-2.833028	149.59	11.21	15
483	1	2	-1.2254628	152.03	13.75	15
484	1	2	-0.3499484	150.09	11.16	14
485	1	2	-0.8486351	155.34	9.6	15
486	1	2	-1.2943938	152.13	11.61	13
487	1	2	-1.4582414	147.17	11.41	9
488	1	2	0.467918	151.64	12.96	10
489	1	2	-1.398753	149.16	9.08	16
490	1	2	1.921644	150.24	11.61	14
491	1	2	-0.2617245	147.93	10.35	11
492	1	2	-1.6095517	153.52	13.24	15
493	1	2	-0.141739796	151.85	12.71	11
494	1	2	-3.499809	150.62	11.82	14
495	1	2	0.1492559	150.21	9.89	10
496	1	2	0.3123668	147.77	9.85	13
497	1	2	-0.9081274	147.7	9.5	13
498	1	2	-1.081372	156.56	10.22	12
499	1	2	2.34935209	150.73	13.95	15
500	1	2	1.0717154	147.51	11.05	11
501	1	2	-3.032373	148.84	13.67	15
502	1	2	1.399141	145.48	11.74	13
503	1	2	-0.3548172	147.78	12.92	16
504	1	2	1.1859279	151.17	12.9	13
505	1	2	0.1651071	151.04	10.83	14
506	1	2	2.686922	152.41	12.2	11
507	1	2	-0.6666892	148.83	10.63	13
508	1	2	0.436891	148.87	11.93	15
509	1	2	-1.519993	150.23	11.6	14
510	1	2	-1.9817254	150.55	8.46	11
511	1	2	-0.35272	151.17	8.97	15
512	1	2	-2.406386	146.57	9.42	10
513	1	2	-1.530374	149.57	10.82	14
514	1	2	-0.8925576	152.43	10.9	14
515	1	2	-0.8346142	149.4	11.78	14
516	1	2	-0.3762954	152.63	11.95	12
517	1	2	-3.76705	146.74	9.44	14
518	1	2	-1.4440418	150.03	8.84	13
519	1	2	-0.4092753	150.66	12.37	16
520	1	2	2.301877	153.02	10.28	13
521	1	2	0.460584	151.19	9.26	12
522	1	2	0.2746299	145.71	12.2	14
523	1	2	-1.218941618	144.68	11.85	13
524	1	2	-1.679066	145.89	7.75	10
525	1	2	0.041876	154.59	9.62	12
526	1	2	0.6447785	148.99	11.38	14
527	1	2	0.0026146	152.08	11.65	15
528	1	2	-0.6577119	151.31	10.15	14
529	1	2	0.8269125	151.91	12.47	11
530	1	2	-1.1890974	146.34	10.52	11
531	1	2	-2.156462	145.49	12.47	12
532	1	2	-1.8965697	152.2	11.66	14
533	1	2	0.6461209	154.44	8.42	10
534	1	2	-0.574143734	150.79	8.7	12
535	1	2	0.3467629	151.49	12.81	14
536	1	2	-1.199207	152.49	11.92	14
537	1	2	-0.4368366	148.21	11.62	11
538	1	2	0.1842293	147.73	12.41	9
539	1	2	-2.632391	150.21	8.2	12
540	1	2	-1.907223	151.7	9.8	13
541	1	2	-1.6185099	147.5	10.42	11
542	1	2	-0.9238955	153.61	12.94	12
543	1	2	-1.019486974	153.09	11.65	11
544	1	2	3.566378	154.04	10.05	15
545	1	2	1.352463	150.03	9.89	15
546	1	2	-0.05367	147.97	12.04	13
547	1	2	-0.3425627	150.75	8.73	12
548	1	2	-1.9620781	145.18	11.37	14
549	1	2	-1.591071	146.66	9.75	12
550	1	2	-1.6085089	150.93	12.96	16
551	1	2	-1.0063627	149.33	9.97	12
552	1	2	-2.991775	145.46	10.9	14
553	1	2	-1.4094348	150.52	11.24	15
554	1	2	-1.759992	148.34	11.84	13
555	1	2	0.7863082	147.61	11.69	14
556	1	2	-1.785083	150.33	11.9	13
557	1	2	-0.694802	148.68	7.91	14
558	1	2	-1.94071	149.79	10.09	11
559	1	2	-0.954315	145.9	11.75	13
560	1	2	1.795872	148.97	10.11	12
561	1	2	0.3496719	152	10.58	12
562	1	2	-0.893144	155.31	10.21	14
563	1	2	0.4126916	149.6	13.19	14
564	1	2	-0.8019878	145.72	10.95	14
565	1	2	-1.2875166	149.21	10.6	10
566	1	2	1.114896	146.63	11.83	13
567	1	2	1.7210964	146.86	11.54	11
568	1	2	-0.656471	153.1	10.48	14
569	1	2	0.6307432	151.47	11.83	14
570	1	2	-0.620582	146.58	12.82	13
571	1	2	1.9378804	151.95	8.97	15
572	1	2	-1.1225776	147.02	10.48	12
573	1	2	2.607296	146.46	11.18	14
574	1	2	0.7067359	147.52	10.62	12
575	1	2	1.230645	143.06	10.93	13
576	1	2	0.812701	147.34	10.3	11
577	1	2	-2.907325	151.21	11.56	10
578	1	2	-0.3184509	153.37	11.48	14
579	1	2	-2.1394613	150.27	10.95	13
580	1	2	0.9777635	149.73	11.04	15
581	1	2	-0.3202134	153.17	12.04	11
582	1	2	-1.798662	142.46	10.26	13
583	1	2	-1.2619119	147.24	9.38	13
584	1	2	0.0452337	153.5	11.7	14
585	1	2	-0.030321	146.12	8.94	13
586	1	2	-1.816016	153.89	11.26	11
587	1	2	-1.6483284	145.88	13.2	16
588	1	2	-0.3754839	148.47	9.29	15
589	1	2	-0.0414345	153.83	9.69	12
590	1	2	0.7429422	148.96	8.55	13
591	1	2	0.9118619	152.53	10.12	12
592	1	2	-1.9361227	151.44	13.28	15
593	1	2	0.202883331	149.51	12.27	13
594	1	2	0.5644224	154.17	13.54	16
595	1	2	3.23058	153.75	11.66	12
596	1	2	0.741011	149.73	11.19	16
597	1	2	-0.5209298	154.71	11.79	13
598	1	2	-0.6227369	146.47	8.68	16
599	1	2	-0.9740839	149.08	9.94	15
600	1	2	-0.7626357	148.26	11.74	13
601	1	2	0.8955157	154.6	13.87	17
602	1	2	-0.3053703	149.64	10.01	13
603	1	2	0.2121417	147.19	11.38	12
604	1	2	0.9750104	149.76	10.19	12
605	1	2	-2.602615	151.04	9.8	10
606	1	2	-0.2178943	147.85	8.54	13
607	1	2	1.600538	146.67	8.19	11
608	1	2	1.364823527	149.33	9.88	10
609	1	2	2.119481	145.39	11.84	13
610	1	2	-1.5936323	148.11	13.36	14
611	1	2	-1.7161821	149.83	11.07	13
612	1	2	0.0945928	154.05	8.42	13
613	1	2	-1.282879	151.63	12.39	9
614	1	2	-2.622753	153.15	9.83	14
615	1	2	-2.18895	149.45	11.32	13
616	1	2	-0.853598	151.92	14.43	15
617	1	2	-1.782296	149.84	11.32	11
618	1	2	1.2010325	152.02	10.19	12
619	1	2	0.1048176	146.95	11.74	9
620	1	2	0.346531	147.91	8.6	14
621	1	2	-2.031144	151.28	11.95	11
622	1	2	0.954447	154.07	11.53	15
623	1	2	1.6989897	149.43	13.79	15
624	1	2	2.216479	147.4	11.27	15
625	1	2	-1.10826501	151.71	12.02	14
626	1	2	-1.0026658	154.33	13.12	16
627	1	2	-0.566622	147.5	11.15	13
628	1	2	-2.0530573	144.41	11.56	13
629	1	2	-3.076913	150.09	12.1	12
630	1	2	-1.640991	152.36	11.74	13
631	1	2	-2.0001595	153.87	10.22	13
632	1	2	-3.0600859	151.38	10.53	11
633	1	2	0.8359731	148.17	10.61	13
634	1	2	0.011098	150.33	11.35	12
635	1	2	-2.40016	147.08	8.61	10
636	1	2	-1.2181678	144.59	12.71	14
637	1	2	-0.806422	147.86	9.32	11
638	1	2	-0.7598213	147.77	9.72	14
639	1	2	1.5290522	149.89	8.95	13
640	1	2	0.9725166	152.48	10.45	12
641	1	2	-1.0868928	150.13	10.34	14
642	1	2	1.1338303	146.99	13.48	13
643	1	2	0.1780471	151.46	12.15	14
644	1	2	1.482811	151.49	11.01	14
645	1	2	-1.201541541	145.89	10.39	12
646	1	2	-0.763788	156.36	11.34	14
647	1	2	-2.051138	150.16	13	14
648	1	2	-0.213045	156.73	10.79	15
649	1	2	0.6142415	148.05	8.25	9
650	1	2	-0.451103082	149.64	9.98	15
651	1	2	0.7566653	158.97	12.7	13
652	1	2	-1.501450143	148.54	9.27	13
653	1	2	1.65022567	148.85	9.67	12
654	1	2	-0.8599167	150.89	9.4	14
655	1	2	-0.3565048	145.62	13.76	11
656	1	2	0.3164672	151.04	10.38	12
657	1	2	1.3187682	150.37	11.41	14
658	1	2	0.9202	150.71	9.5	13
659	1	2	0.5008664	152.21	10.93	12
660	1	2	-0.8531423	155.05	12.05	13
661	1	2	-0.340878185	154.91	9.92	12
662	1	2	0.427274	152.97	13.2	15
663	1	2	-0.2638055	146.66	13.21	13
664	1	2	-1.840155	147.78	8.05	14
665	1	2	-0.4265822	147.37	10.39	12
666	1	2	-2.2399818	152.97	14.19	20
667	1	2	1.135271619	150.2	11.9	14
668	1	2	-1.7054363	147.8	10.84	10
669	1	2	0.9939412	144.21	11.26	14
670	1	2	-0.7235364	151.29	10.09	14
671	1	2	-0.2269883	149.49	12.14	13
672	1	2	1.4821582	148.46	11.65	11
673	1	2	-0.7462349	147.11	10.17	13
674	1	2	2.67263	153.6	9.98	14
675	1	2	0.4721764	145.61	9.5	10
676	1	2	-1.359334	152.83	11.33	15
677	1	2	-0.9361259	151.75	9.76	13
678	1	2	-0.4646429	152.87	9.88	15
679	1	2	-3.481989	159.97	10.2	13
680	1	2	-1.74208	151.57	11.2	13
681	1	2	-0.2285001	144.83	12.62	14
682	1	2	-1.1443727	150.03	11.57	15
683	1	2	-0.540496	150.17	10.43	13
684	1	2	5.132899	152.37	12.48	13
685	1	2	0.5005191	146.72	10.35	16
686	1	2	0.761221259	151.12	11.38	13
687	1	2	0.5333695	152.96	10.55	15
688	1	2	-0.9663082	149.62	10.48	9
689	1	2	0.8374077	152.52	11.96	15
690	1	2	1.766626	149.26	9.36	12
691	1	2	-0.101941396	147.32	10.51	12
692	1	2	-0.7879036	149.34	12.5	16
693	1	2	-1.6073763	148.78	13.8	14
694	1	2	-0.2063241	153.05	12.06	15
695	1	2	1.2110455	154.57	10.66	9
696	1	2	0.0767708	149.76	9.37	14
697	1	2	-1.6705384	147.8	12.14	13
698	1	2	-2.7803593	156.51	9.62	15
699	1	2	-0.9113639	151.65	11.14	14
700	1	2	-0.433880017	152.62	11.43	14
701	1	3	1.3334711	148.35	11.3	13
702	1	3	-0.4068379	146.6	11.21	16
703	1	3	1.7994493	146.32	10.89	13
704	1	3	-1.7140539	149.94	11.73	14
705	1	3	-0.607614741	150.35	12.8	13
706	1	3	-1.039051419	152.87	7.86	15
707	1	3	-2.1659338	148.05	12.37	13
708	1	3	1.3549412	150.68	13.42	13
709	1	3	-0.670503	153.25	10.98	10
710	1	3	-0.344228	152.62	11.15	14
711	1	3	-2.9023612	144.52	10.93	14
712	1	3	-2.7292299	144.7	9.98	11
713	1	3	-1.9769752	147.03	8.08	12
714	1	3	0.6223537	151.18	12.68	14
715	1	3	-0.590182	149.42	12.04	12
716	1	3	1.0204596	149.58	9.77	11
717	1	3	-2.290432	149.58	11.14	14
718	1	3	-2.0597224	146.47	10.05	14
719	1	3	-0.202251481	146.2	10.12	10
720	1	3	-2.0470037	146.35	12.55	13
721	1	3	-2.3601149	146.64	7.77	12
722	1	3	0.6517759	145.42	10.95	12
723	1	3	-1.6733218	145.66	8.19	11
724	1	3	-1.966431	155.59	10.07	14
725	1	3	-2.793876	145.2	10.63	13
726	1	3	-0.293922	150.8	11.91	15
727	1	3	-2.4493885	151.33	11.11	15
728	1	3	-2.055648	149.94	9.94	14
729	1	3	-0.883391	151.24	10.82	12
730	1	3	-0.5543793	151.21	13.1	14
731	1	3	0.6499037	149.78	11.47	11
732	1	3	-1.1458664	151.59	12.45	14
733	1	3	-1.441673	147.84	9.43	14
734	1	3	-0.726177	149.82	8.01	10
735	1	3	0.3764557	144.84	8.16	13
736	1	3	0.7309793	147.82	12.24	13
737	1	3	0.686583704	152.8	11.34	15
738	1	3	-0.7825652	153.87	11.14	11
739	1	3	-1.9365526	152.01	12.96	14
740	1	3	-2.0347939	150.64	10.12	12
741	1	3	-0.393730146	152.83	12.23	14
742	1	3	-1.3459844	150.81	10.64	13
743	1	3	-1.393671	148.35	12.27	14
744	1	3	-0.5130163	153.02	11.97	14
745	1	3	-0.545589463	151.13	10.47	13
746	1	3	-1.2766384	152.97	10.57	10
747	1	3	-0.930168431	150.45	11.78	10
748	1	3	1.7325775	150.22	9.17	13
749	1	3	0.530979502	153.01	13.52	13
750	1	3	0.1335291	154.52	10.63	16
751	1	3	-2.491371	149.57	12.29	10
752	1	3	0.5616125	144.2	12.12	17
753	1	3	0.3321918	148.4	12.3	13
754	1	3	1.7027353	150.19	8.59	11
755	1	3	-0.5868406	151.2	10.24	13
756	1	3	1.393631	146.31	13.19	14
757	1	3	-1.44247	153.02	13.83	15
758	1	3	1.0622096	150.94	11.18	13
759	1	3	-0.7519158	144.2	9.8	13
760	1	3	0.6692844	155.86	11.18	11
761	1	4	3.1322693	150.6	11.05	13
762	1	4	0.059156721	149.43	10.5	15
763	1	4	1.3746996	149.6	13.13	17
764	1	4	1.599482813	152.3	11.51	14
765	1	4	-1.338982	152.82	12.7	14
766	1	4	0.5597335	149.7	12.04	15
767	1	4	-0.755504	152.64	9.57	11
768	1	4	-1.002248	153.43	9.6	14
769	1	4	-1.4713826	153.84	11.84	14
770	1	4	-2.0962921	150.85	11.93	12
771	1	4	-1.4466426	152.55	13.23	15
772	1	4	-0.8419033	151.22	10.87	15
773	1	4	0.2753447	143.71	11.77	16
774	1	4	0.761193	148.7	10.01	13
775	1	4	1.536143	153.45	10.91	11
776	1	4	2.257281	149.53	9	13
777	1	4	2.0618989	148.16	10.76	13
778	1	4	-0.7679858	144.51	10.3	10
779	1	4	-1.5428836	150.4	11.66	13
780	1	4	-0.410214422	151.92	9.45	14
781	1	4	0.1023782	151.84	11.24	11
782	1	4	-0.13134	146.78	11.15	9
783	1	4	-2.1936998	153.15	12.99	16
784	1	4	0.34763442	152.56	11.85	13
785	1	4	-0.573474	150.54	11.3	13
786	1	4	-1.0240307	147.63	11.44	14
787	1	4	-1.428754	155.8	11.18	13
788	1	4	-0.950457	149.13	11.61	13
789	1	4	0.1551815	153.62	11.53	13
790	1	4	0.4395072	149.96	12.67	11
791	1	4	-1.541962	153.8	8.74	14
792	1	4	1.2578412	154.72	12.12	15
793	1	4	-0.6089091	148.98	13.12	18
794	1	4	-2.2803154	149.95	12.42	12
795	1	4	-0.2813239	143.43	10.75	11
796	1	4	-1.591867	146.74	11.1	14
797	1	4	0.3027786	151.66	9.84	10
798	1	4	-1.32033	145.73	8.31	14
799	1	4	-0.5689593	147.96	10.76	15
800	1	4	-1.242187418	143.73	11.09	11
801	1	4	-0.5495265	154.87	11.78	12
802	1	4	-0.4269693	153.55	13.08	14
803	1	4	2.282844	155.4	11.77	13
804	1	4	0.492009783	149.3	10.51	12
805	1	4	-1.989288	153.78	14.08	19
806	1	4	-1.977562	148.64	10.09	10
807	1	4	-0.715507	153.04	12.69	16
808	1	4	-2.864903	149.86	11.18	10
809	1	4	-1.709629	142.43	11.49	15
810	1	4	-0.964519	149.77	10.43	13
