 20.3 1 499 320 345
 26.7 2 185 177 346
 19.5 2 359 31 347
 22.2 2 108 1763 348
 17.3 1 128 1615 349
 18.1 2 76 1841 350
 25.6 2 486 108 351
 20.6 2 284 256 352
 17.3 1 483 402 353
 16.3 2 496 547 354
 21.8 2 347 672 355
 18.5 2 485 526 356
 22.3 2 163 386 357
 17.4 1 379 236 358
 18.7 1 481 87 359
 21.2 2 277 1489 360
 20.6 1 58 1633 361
 19.7 1 120 1782 362
 20.2 1 36 44 363
 19.8 2 277 195 364
 16.3 1 427 1028 365
 22.8 2 502 883 366
 19 1 473 741 367
 15.9 1 482 592 368
 21.7 2 277 443 369
 18.7 1 212 1138 370
 24.2 2 185 1280 371
 18.9 2 127 1426 372
 16.4 2 503 1576 373
 16.9 2 469 1721 374
 15 1 351 1379 375
 20.5 2 422 1235 376
 19.4 2 422 1094 377
 17.8 1 241 946 378
 18.4 2 349 800 379
 15.9 1 141 786 380
 16.3 1 388 931 381
 21.8 2 497 1079 382
 18.5 1 230 1222 383
 17 2 347 1366 384
 19 1 474 1734 385
 14.8 1 460 1442 387
 17.2 1 498 1299 388
 17.1 1 128 1153 389
 17 1 489 430 390
 17.2 2 495 578 391
 14 1 490 725 392
 22.7 2 428 868 393
 17.7 1 501 1010 394
 22.1 2 218 208 395
 17 1 492 60 396
 20.1 1 350 1798 397
 25.1 2 477 1654 398
 16 1 211 1511 399
 18.7 2 359 937 400
 18.7 1 35 1084 401
 14.7 2 485 1226 402
 16 1 460 1371 403
 17.5 1 306 1527 404
 21.1 2 218 1583 405
 20.5 2 496 1437 406
 23.4 2 209 1292 407
 19.3 2 349 1148 408
 15.5 1 474 1000 409
 16.7 1 212 583 410
 15.4 1 211 730 411
 18.5 1 219 872 412
 24 1 420 1015 413
 16.5 1 484 1168 414
 17.6 1 141 53 415
 22.6 2 502 1792 416
 23.8 2 497 1647 417
 16.8 1 241 1503 418
 17.6 1 493 1355 419
 16.6 1 120 227 420
 23.5 2 98 376 421
 18.4 2 208 514 422
 26.1 2 125 658 423
 20.9 2 478 814 424
 21.4 2 87 411 425
 19.7 2 370 121 427
 19.2 1 379 1855 428
 18.5 1 351 1710 429
 18.8 2 13 1755 430
 23.8 2 2 22 431
 16.4 2 469 166 432
 20.3 1 473 306 433
 21.7 2 472 458 434
 18.3 2 24 768 435
 18.3 2 496 621 436
 20.7 2 488 473 437
 18 1 499 325 438
 13.1 2 470 182 439
 21 2 508 1403 440
 17.9 1 35 1558 441
 21.9 2 408 1696 442
 18.6 1 499 1836 443
 12.8 1 425 102 444
 14.4 1 507 1117 445
 15.5 1 507 973 446
 18.1 1 498 677 448
 13.5 2 469 531 449
 19.6 2 417 1058 450
 28.6 2 428 1204 451
 15.4 1 501 1343 452
 18 2 423 1484 453
 25.6 2 428 1628 454
 17.4 1 507 1462 455
 17.3 1 427 1324 456
 18.7 1 379 1180 457
 19.1 2 488 1031 458
 20 2 359 886 459
 16 1 130 706 460
 18.3 1 352 852 461
 19.1 1 44 990 462
 26.3 2 185 1133 463
 18.6 1 460 1275 464
 19.2 1 207 1812 465
 16.3 2 128 1676 466
 14.4 1 498 1536 467
 18.1 1 492 1382 468
 23.3 2 359 1238 469
 23.9 2 98 359 470
 15.7 1 483 496 471
 15.3 2 252 635 472
 18.5 1 207 783 473
 13.4 1 130 928 474
 21.5 2 284 281 475
 17.6 1 507 146 476
 20.9 2 276 3 477
 16.1 1 207 1737 478
 21.5 2 338 1590 479
 19.7 2 210 8 480
 18 2 479 150 481
 17.2 1 514 284 482
 16 1 490 428 483
 20.7 2 347 575 484
 19.8 2 472 633 485
 16 1 295 493 486
 19.6 2 98 355 487
 20.3 2 370 211 488
 16.2 2 469 63 489
 19.9 2 276 1540 490
 15.8 1 130 1680 491
 15.8 1 295 1815 492
 19 2 495 74 493
 24.2 2 347 221 494
 16.9 1 152 987 495
 22.2 2 508 848 496
 15.8 1 491 703 497
 18.6 2 488 564 498
 18 1 489 419 499
 18.5 1 492 153 500
 19.2 1 279 288 501
 19.3 2 486 433 502
 17.4 1 399 581 503
 20.4 2 487 728 504
 17.1 1 500 489 505
 12.4 1 424 350 506
 17.7 1 280 204 507
 21.7 2 502 55 508
 22.2 2 478 1794 509
 20 2 428 1685 510
 17 1 505 1821 511
 24 2 263 78 512
 16.8 1 213 225 513
 14.8 1 475 374 514
 23.6 2 76 844 515
 27.2 2 439 698 516
 22 2 349 557 517
 21.2 1 131 412 518
 17.1 2 469 266 519
 20.7 1 129 1333 520
 18.5 1 350 1471 521
 18.7 1 44 1608 522
 17.6 1 501 1753 523
 23 2 472 20 524
 19.9 1 230 1197 525
 13.5 2 470 1052 526
 18.8 1 44 912 527
 23.3 2 348 769 528
 23.7 2 174 622 529
 26.2 2 185 981 530
 19.5 2 521 1125 531
 22.5 2 109 1260 532
 16.3 1 279 1402 533
 17.4 1 35 1557 534
 22.8 2 163 1552 535
 24.4 2 503 1398 536
 16.1 1 213 1255 537
 21.7 2 263 1118 538
 16.1 1 489 974 539
 17.1 1 219 628 540
 23.2 2 174 777 541
 19.9 2 76 918 542
 21 2 196 1057 543
 19 1 427 1203 544
 15.5 2 13 16 545
 19 2 24 1748 546
 20.2 2 479 1603 547
 20.9 2 13 1463 548
 12.6 1 490 1325 549
 18.7 1 295 276 550
 21.9 2 126 422 551
 19.2 2 347 567 552
 20.5 1 499 705 553
 16.3 1 501 851 554
 15.3 1 460 369 555
 17.4 1 230 219 556
 16.1 1 295 73 557
 18.9 1 505 1813 558
 19.6 1 471 1677 559
 17.9 1 35 1805 560
 19.5 2 127 67 561
 22.2 2 348 214 562
 18.8 1 500 357 563
 14.7 1 399 495 564
 21.5 2 206 720 565
 15 1 152 573 566
 23.6 2 328 427 567
 16.8 1 35 282 568
 15.7 1 55 147 569
 15.2 1 475 1449 570
 18.7 1 505 1594 571
 21.8 2 502 1741 572
 19.5 1 449 6 573
 20.4 2 479 148 574
 15 1 482 1074 575
 22.2 2 494 926 576
 20.1 2 174 782 577
 18.3 1 317 634 578
 18.7 1 473 494 579
 15.7 1 498 1101 580
 18.8 2 252 1242 581
 16.7 1 388 1386 582
 18.5 2 508 1538 583
 18.5 1 120 1678 584
 16 1 141 1419 585
 23.3 2 349 1273 586
 20.2 2 480 1132 587
 14.4 2 521 989 588
 19.5 1 473 850 589
 20.9 2 328 747 590
 14.2 1 219 890 591
 19.2 2 284 1035 592
 24.4 2 502 1183 593
 14.2 1 55 1326 594
 18.8 1 484 1775 595
 22.5 2 472 1626 596
 20.6 2 503 1483 597
 17.2 1 379 1342 598
 17.8 1 513 1202 599
 24.7 2 421 1248 600
 17.8 1 329 1391 601
 19.7 1 492 1544 602
 20.4 2 208 1683 603
 20.4 2 163 1818 604
 15.1 1 498 1268 605
 21.3 2 480 1129 606
 19.2 1 493 985 607
 16.7 1 379 846 608
 19.6 1 44 701 609
 18.7 2 163 898 610
 20.4 2 488 1041 611
 18.6 2 487 1188 612
 20.2 2 417 1331 613
 18.5 2 423 1468 614
 21.1 1 449 1618 615
 23.9 2 328 1477 616
 22.2 2 108 1339 617
 21.6 2 284 1199 618
 18.2 1 352 1054 619
 14 2 350 542 620
 19.1 1 505 687 621
 17.8 1 481 836 622
 19 2 487 979 623
 13 1 470 1122 624
 19.1 2 252 91 625
 16.2 2 423 1828 626
 20.1 2 422 1692 627
 16.1 1 306 1553 628
 17.9 2 495 1399 629
 13.4 2 274 191 630
 22.4 2 421 337 631
 27.1 2 185 481 632
 19 2 76 626 633
 16.6 1 241 774 634
 16.3 1 506 448 635
 19.3 2 480 297 636
 14 1 425 160 637
 21.2 2 370 17 638
 18.6 1 317 1749 639
 21.7 2 174 1716 640
 19.5 2 125 1869 641
 18.3 1 449 133 642
 23.6 2 477 274 643
 20.8 2 472 420 644
 22 2 278 805 645
 14.1 1 424 649 646
 16.4 1 476 507 647
 15.1 1 490 370 648
 22.7 2 347 220 649
 20.4 2 496 1361 650
 19.1 1 379 1516 651
 15.9 1 219 1660 652
 15.4 1 507 1802 653
 20 2 218 64 654
 17.3 1 476 1159 655
 20.2 1 513 1006 656
 17.3 1 279 865 657
 18.5 1 482 722 658
 21 2 209 574 659
 15.5 1 491 1005 660
 17.6 1 279 1158 661
 15.3 1 506 1304 662
 22.3 2 347 1446 663
 15.3 2 424 1591 664
 17.5 1 501 1517 665
 16.7 1 482 1362 666
 21.2 2 370 1220 667
 16.4 1 484 1076 668
 24.3 2 480 927 669
 23 2 87 648 670
 16.4 1 306 804 671
 22.6 2 494 951 672
 12.8 2 470 1098 673
 18.3 1 427 1239 674
 22.2 2 108 1717 676
 19.6 2 76 1574 677
 17.3 1 474 1422 678
 23.7 2 486 1274 679
 18.1 1 500 296 680
 21 2 408 447 681
 19.9 2 494 596 682
 16.9 1 493 745 683
 19.4 1 491 887 684
 20.8 2 509 338 685
 21.4 2 503 192 686
 19.4 2 278 42 687
 18 2 218 1778 688
 16.8 1 141 1627 689
 16.6 1 471 1827 690
 23.6 2 1 90 691
 18.5 1 500 240 692
 21.1 2 338 389 693
 16 1 427 532 694
 20 2 24 688 695
 19.4 1 499 543 696
 17.9 2 252 400 697
 23.7 2 497 252 698
 21.5 2 263 101 699
 23.4 2 504 453 700
 16.7 1 230 602 701
 16.2 1 506 751 702
 16.6 2 252 893 703
 12.9 2 274 1037 704
 18 2 108 186 705
 19 2 278 37 706
 18.3 1 329 1772 707
 15.5 1 306 1623 708
 22 1 505 1481 709
 17.8 2 76 97 710
 13.6 1 130 247 711
 19 2 503 394 712
 20.3 2 127 537 713
 19.4 1 513 683 714
 23.7 2 8 536 715
 17.1 2 9 393 716
 18.6 1 12 246 717
 14.8 1 63 96 718
 15.2 2 10 1833 719
 24.4 2 43 1624 720
 13.3 1 528 1773 721
 14.4 1 14 38 722
 25.2 2 51 187 723
 22.4 2 510 332 724
 23.3 2 31 892 725
 21.9 2 39 750 726
 21.4 2 45 601 727
 22.1 2 517 452 728
 21.3 2 17 301 729
 19.6 1 3 1271 730
 18.9 1 47 1417 731
 12.7 1 528 1570 732
 19.9 1 12 1713 733
 20.6 1 64 1864 734
 22.4 2 16 1244 735
 18.4 1 526 1103 736
 16.2 1 66 955 737
 22.3 2 16 808 738
 22.8 2 7 652 739
 18.5 1 19 924 740
 15.4 1 22 1072 741
 19.4 1 29 1217 742
 14.2 1 14 1358 743
 18.5 1 20 1512 744
 25.6 2 61 1596 745
 23.8 2 10 1451 746
 20.9 2 23 1308 747
 22.7 2 18 1162 748
 17.9 2 18 1009 749
 16.6 1 27 572 750
 21.6 2 529 718 751
 22.4 2 530 862 752
 18.6 1 48 1002 753
 17.2 2 45 1154 754
 16.1 1 28 69 755
 17.4 1 519 1807 756
 22.5 2 26 1664 757
 19.7 2 510 1521 758
 20.8 2 38 1365 759
 22.5 2 38 218 760
 20.9 2 46 367 761
 23.3 2 15 504 762
 17.7 1 57 645 763
 19.4 1 27 801 764
 17.6 1 28 423 765
 19.3 1 514 277 766
 21 1 47 136 767
 19.5 1 12 1873 768
 19.3 1 56 1720 769
 19.3 1 11 1747 770
 20.2 1 58 14 771
 19.1 2 529 158 772
 18.5 1 66 293 773
 19.6 1 527 444 774
 21.2 2 510 778 775
 24.3 2 8 629 776
 19.4 1 48 483 777
 16.3 1 65 341 778
 16.1 1 519 1397 780
 17.7 1 527 1551 781
 17.8 2 45 1690 782
 24.1 2 530 1825 783
 19.9 2 30 88 784
 20.9 2 46 1126 785
 19.6 2 516 982 786
 23.7 2 15 838 787
 24.5 2 26 691 788
 21.3 2 529 546 789
 21.4 2 529 1051 790
 20.2 1 5 1196 791
 26.4 2 51 1337 792
 20.9 1 36 1475 793
 21.3 2 523 1616 794
 22.6 2 43 1472 795
 18.7 2 52 1334 796
 19.2 1 21 1192 797
 21.2 2 23 1045 798
 19.8 1 6 901 799
 20.3 1 513 1554 800
 17.7 1 11 1693 801
 17.2 1 49 1830 802
 23.3 2 43 93 803
 18.1 1 66 243 804
 23.4 2 59 977 805
 22.4 2 16 834 806
 18.9 1 526 685 807
 20.1 1 34 540 808
 18.9 1 64 397 809
 21.8 1 58 1200 810
 15.8 1 50 1340 811
 24.1 2 523 1478 812
 18.7 1 518 1620 813
 21.7 2 40 1769 814
 17.5 1 514 1329 815
 19.8 1 34 1186 816
 20.9 1 36 1039 817
 18.4 2 39 896 818
 17.5 1 57 754 819
 23.1 2 30 847 820
 16.7 1 5 986 821
 18.2 1 48 1130 822
 25.5 2 26 1269 823
 20.1 1 526 1414 824
 14.3 1 14 1681 825
 11.9 1 528 1542 826
 20.4 2 515 1389 827
 20.6 1 3 1246 828
 18.9 2 9 1106 829
 17.2 1 48 492 830
 23.2 2 46 632 831
 22.7 2 517 780 832
 19.8 1 28 923 833
 17.9 1 527 151 835
 18.7 1 47 9 836
 17.3 1 29 1743 837
 22.8 2 531 1597 838
 22.9 2 531 1453 839
 23 2 525 145 840
 19.5 1 64 280 841
 16.2 1 33 426 842
 20 2 45 571 843
 18.3 1 28 716 844
 17.3 1 519 497 845
 13.2 1 50 360 846
 21.8 2 53 216 847
 22.5 2 517 70 848
 19.4 1 5 1808 849
 17.4 2 10 1675 850
 16 2 522 1811 851
 21.6 2 515 72 852
 18.3 1 56 217 853
 24.6 2 30 365 854
 15.2 1 33 853 855
 18 1 49 707 856
 18.7 2 39 568 857
 21.1 2 531 424 858
 21.7 2 7 278 859
 16 1 520 1323 860
 18.8 1 512 1461 861
 25.2 2 23 1602 862
 16.2 2 9 1746 863
 18.8 2 62 13 864
 18.3 1 22 1206 865
 21.6 2 516 1060 866
 20.6 2 51 920 867
 19.3 1 36 779 868
 22.5 2 31 630 869
 24.1 2 52 972 870
 18.5 2 39 1116 871
 16.2 1 57 1254 872
 21.3 2 517 1396 873
 16.8 1 33 1550 874
 18.4 1 6 1560 875
 18.1 1 519 1405 876
 21.1 2 515 1262 877
 21.5 2 18 1127 878
 14.6 1 14 983 879
 15.5 1 19 619 880
 17.9 2 510 766 881
 20.2 2 511 910 882
 25.2 2 53 1049 883
 24.1 2 530 1195 884
 19.5 2 10 24 885
 19.8 1 518 1757 886
 21.7 1 54 1611 887
 17.1 1 4 1473 888
 16.5 1 5 1335 889
 25 2 51 264 890
 19.6 1 4 409 891
 22.3 2 59 555 892
 17.9 1 21 696 893
 21.3 1 512 843 894
 17.2 1 63 378 895
 24.3 2 30 230 896
 18.9 1 514 82 897
 18.8 2 515 1822 898
 24.6 2 511 1686 899
 19.3 1 19 771 900
 21.4 2 529 914 901
 20 1 527 1053 902
 17.2 1 518 1198 903
 24.3 2 25 1338 904
 21.9 2 524 1751 905
 15.5 2 42 1606 906
 21.5 2 43 1469 907
 16.7 1 57 1332 908
 20.2 1 12 1189 909
 17.8 1 22 416 910
 18.9 2 62 561 911
 19.7 1 3 700 912
 20.5 1 20 845 913
 17.5 1 514 984 914
 20.8 2 52 223 915
 20.5 1 527 76 916
 20.1 2 511 1819 917
 18.2 1 29 1684 918
 15.1 1 520 1545 919
 20 1 64 59 920
 23.3 2 530 207 921
 18.9 1 28 352 922
 18.8 1 513 490 923
 17.7 1 5 631 924
 21.4 2 62 579 925
 18.7 1 20 431 926
 21.8 2 516 286 927
 21.5 2 40 152 928
 19.9 2 516 11 929
 14.6 1 49 1587 930
 23.2 2 51 1733 931
 22.9 2 32 1884 932
 21.6 1 6 143 933
 24 2 40 279 934
 18.3 1 47 932 935
 23.6 2 523 787 936
 21.2 2 7 638 937
 18.9 2 42 499 938
 16.8 1 41 362 939
 17.4 1 5 1234 940
 17.2 1 512 1378 941
 22.6 1 3 1533 942
 15.5 1 49 1673 943
 14.8 1 512 1810 944
 23.5 2 8 1281 945
 19.5 1 21 1139 946
 18.9 1 54 992 947
 15.3 1 520 855 948
 16.2 1 14 709 949
 17.2 1 5 882 950
 21 1 526 1027 951
 19.7 2 52 1177 952
 20.2 1 58 1321 953
 21.4 2 531 1459 954
 20.4 2 529 1634 955
 14.4 1 33 1490 956
 22.4 2 52 1347 957
 20.2 1 54 1208 958
 17.2 1 63 1062 959
 19.7 2 38 525 960
 19.2 1 37 671 961
 14.5 2 522 826 962
 16 2 42 970 963
 14 1 519 1114 964
 19 1 22 109 965
 22.6 2 509 1842 966
 18.7 1 29 1700 967
 26.9 2 26 1562 968
 24 2 523 1407 969
 23.8 2 23 176 970
 21.8 2 45 319 971
 20.5 2 32 469 972
 22.5 2 40 616 973
 19.6 1 12 764 974
 14.8 1 14 462 975
 19.5 2 42 309 976
 20.4 1 28 169 977
 20.6 2 17 25 978
 18.4 1 514 1758 979
 13.4 1 528 1706 980
 18.9 2 38 1850 981
 22.3 2 524 116 982
 13.8 1 528 261 983
 24 2 15 407 984
 21.7 2 38 820 985
 18.9 2 62 662 986
 14.8 1 29 518 987
 28.9 2 61 379 988
 24.6 2 32 231 989
 13.4 1 528 1352 990
 18.4 1 50 1498 991
 18.7 1 12 1642 992
 22.3 2 16 1788 993
 23.7 2 15 50 994
 22.4 2 23 1173 995
 21.1 2 511 1019 996
 19.1 1 65 875 997
 21.9 2 52 733 998
 20.1 2 7 586 999
 19.1 2 39 915 1000
 19.5 2 525 684 1001
 26.4 2 30 1408 1002
 12.3 1 11 1637 1003
 14.9 1 41 1375 1004
 17.5 1 54 717 1005
 25.3 2 530 944 1006
 23.1 2 525 196 1007
 16.1 1 512 1843 1008
 21.9 2 524 250 1009
 19.6 2 516 1055 1010
 18.6 1 19 833 1011
 20.3 1 518 1264 1012
 20.2 1 37 1493 1013
 19.1 1 65 1531 1014
 15.9 1 27 798 1016
 24 2 30 342 1017
 19.9 2 516 110 1018
 23 2 331 100 1019
 17.6 1 66 162 1020
 25.5 2 217 976 1021
 19.3 1 66 1128 1022
 25.5 2 310 1349 1023
 25.5 2 247 1672 1024
 13.4 1 73 1438 1025
 18.5 1 337 644 1026
 25.1 2 216 880 1027
 20.9 1 330 257 1028
 23.4 2 324 18 1030
 23 2 60 1120 1031
 18.6 1 82 894 1032
 21.1 1 71 1209 1033
 23.7 2 223 1809 1034
 22.3 2 247 1584 1035
 21.6 2 311 503 1036
 19 2 75 739 1037
 16 1 80 403 1038
 23.1 2 309 170 1039
 21.7 2 84 1750 1040
 21.8 1 71 1257 1041
 18.7 1 222 1038 1042
 17.8 1 222 1063 1043
 17.3 1 222 1284 1044
 18.2 1 336 1729 1045
 19.2 2 85 366 1046
 24.7 2 223 590 1047
 17.3 1 226 548 1048
 19.3 2 60 310 1049
 22.5 2 86 1605 1050
 17 2 75 1832 1051
 18.7 1 220 1185 1052
 20.2 2 69 922 1053
 19.7 2 251 1141 1054
 16.6 1 250 1882 1055
 23.1 2 85 1649 1056
 22 2 67 441 1057
 23.1 2 85 692 1058
 21.5 1 312 463 1059
 21.7 2 326 1466 1060
 26.7 2 325 1694 1061
 27.9 2 215 1328 1062
 26.3 2 217 1104 1063
 21.5 2 225 994 1064
 19.3 1 221 142 1065
 25.9 2 214 1793 1066
 21.7 2 332 292 1067
 25.8 2 216 523 1068
 16.6 1 80 611 1069
 17.7 1 221 552 1070
 20 1 337 1555 1071
 19.9 2 225 1465 1072
 14.8 1 226 1245 1073
 17.7 1 250 856 1074
 21.3 2 251 1082 1075
 24.7 2 310 54 1076
 15.4 2 308 157 1077
 16.6 1 249 384 1078
 22.5 2 225 760 1079
 19.3 1 337 1400 1081
 21.1 1 337 1622 1082
 22.5 2 308 1388 1083
 21.3 2 69 710 1084
 18.4 1 71 935 1085
 15.4 1 81 203 1086
 17.5 1 336 1857 1087
 16.6 1 327 235 1088
 21.1 2 69 903 1089
 18.4 1 327 842 1090
 21.1 2 77 1258 1091
 20.7 1 312 1480 1092
 26 2 325 1541 1093
 19.4 2 84 1309 1094
 26.5 2 214 789 1095
 17.7 1 249 349 1096
 22.3 2 67 85 1098
 23.4 2 69 317 1099
 20.5 1 327 562 1100
 22.9 2 247 333 1101
 15.6 1 82 1760 1102
 17.4 1 73 111 1103
 25.5 2 86 1023 1104
 25 2 86 1071 1105
 20.4 2 217 1297 1106
 19.4 1 89 1722 1107
 16.3 1 222 1491 1108
 18.4 1 327 606 1109
 20.5 2 79 702 1110
 18 1 72 479 1111
 19.3 2 77 1612 1112
 25 2 83 1845 1113
 21.8 2 84 1175 1114
 20.9 1 335 943 1115
 18.3 1 336 1151 1116
 18 1 313 1874 1117
 15.9 1 91 1635 1118
 17.8 1 82 457 1119
 24.2 2 68 509 1120
 12.1 2 86 624 1121
 19.4 1 312 1474 1122
 22.7 2 60 1702 1123
 18.3 1 72 1320 1124
 24.5 2 334 1091 1125
 21.2 2 225 1001 1126
 18.6 1 90 1232 1127
 19.7 1 220 1783 1128
 20.7 2 223 304 1129
 23.7 2 311 371 1130
 16.8 1 249 772 1131
 17.6 1 88 538 1132
 19.1 2 217 1563 1133
 19.1 1 71 1458 1134
 17.1 1 313 1231 1135
 19.4 1 221 861 1136
 27.2 2 215 1092 1137
 20.8 2 324 45 1138
 19.2 1 313 1701 1139
 15.8 1 222 222 1140
 22.6 2 67 917 1141
 17.1 1 90 689 1142
 17.6 1 248 1410 1143
 23.1 2 247 1641 1144
 18.3 1 250 721 1146
 18.9 2 324 949 1147
 20.9 1 337 1848 1149
 18.4 1 81 75 1150
 18.2 1 73 300 1151
 26.2 2 86 837 1152
 18.3 1 312 1266 1153
 18.8 1 89 1497 1154
 22.7 2 334 1535 1155
 17 1 73 1294 1156
 22.5 2 60 803 1157
 17.3 1 249 114 1159
 22.2 1 335 1816 1160
 23.9 2 251 165 1161
 23.7 2 326 980 1162
 17.6 1 335 752 1163
 28.2 2 333 1351 1164
 19.1 1 313 1674 1165
 24.2 2 309 1444 1166
 25.5 2 325 647 1167
 16.9 2 308 902 1168
 15.8 1 72 260 1169
 21 2 70 199 1170
 15.8 1 88 21 1171
 20.8 2 79 1124 1172
 17.9 1 82 899 1173
 19.1 1 221 1211 1174
 16.9 1 250 1429 1175
 24.7 2 215 1589 1176
 19.3 1 72 506 1177
 20.9 2 78 744 1178
 24.9 2 214 406 1179
 16.2 1 88 346 1180
 26.1 2 214 1754 1181
 21.2 2 331 95 1182
 21.5 2 225 1042 1183
 22.7 2 79 1065 1184
 17.9 2 70 1288 1185
 21.9 2 331 1736 1186
 17.8 1 74 1505 1187
 17.5 2 75 595 1188
 17.6 1 81 553 1189
 17.1 1 249 487 1190
 18.3 1 221 1609 1191
 25.8 2 310 1835 1192
 19.8 1 336 1190 1193
 23.2 2 253 956 1194
 22.2 1 89 1144 1195
 22.6 2 79 2 1196
 20.4 2 84 1656 1197
 20.9 2 69 446 1198
 25.1 2 333 669 1199
 22.4 2 68 209 1200
 17.8 1 88 1865 1201
 23.8 2 309 464 1203
 15.7 1 220 667 1204
 25 2 332 1416 1205
 23.6 2 60 1652 1206
 22.9 2 83 1140 1208
 22 2 326 960 1209
 19.8 1 74 353 1210
 24.4 2 309 128 1211
 26.6 2 325 83 1212
 19.4 1 248 313 1213
 21.3 2 311 823 1214
 23.8 2 216 589 1215
 24.2 2 326 1508 1216
 20.9 1 90 1522 1217
 25.1 2 334 1282 1218
 17.2 1 80 812 1219
 21.9 2 69 866 1220
 18.6 1 226 271 1221
 22.8 2 78 1824 1222
 27.4 2 325 172 1223
 16.3 1 250 968 1224
 17.5 1 248 737 1225
 23.1 2 79 1357 1226
 19 1 97 1585 1227
 26.1 2 110 1427 1228
 19.1 1 168 655 1229
 21.9 2 102 724 1230
 29.3 2 340 417 1231
 24.5 2 290 188 1232
 20.5 1 320 27 1233
 19.1 1 96 1112 1234
 17.6 1 346 878 1235
 26.6 2 267 1216 1236
 16.3 1 291 1440 1237
 24.4 2 100 1577 1238
 15.6 1 304 1348 1239
 26.9 2 237 577 1240
 26.3 2 342 566 1241
 28 2 354 339 1242
 17.2 1 243 1762 1243
 23.9 2 282 115 1244
 21.2 2 283 1030 1245
 16.3 1 242 1075 1246
 16.5 1 99 1302 1247
 21.9 2 106 1726 1248
 23.8 2 259 1496 1249
 22.1 2 270 429 1250
 18 1 344 651 1251
 19.9 1 345 482 1252
 16.8 1 304 1614 1253
 19.2 1 298 1849 1254
 17.8 1 304 1179 1255
 21.8 2 107 948 1256
 18.4 1 344 1157 1257
 17.9 1 292 1879 1258
 20.2 2 283 1640 1259
 17.8 1 99 285 1260
 26.7 2 267 513 1261
 15.4 1 291 627 1262
 19.6 1 240 395 1263
 20 2 101 1705 1264
 23.8 2 268 1322 1265
 23.1 2 297 1096 1266
 18.7 2 103 1004 1267
 18.5 1 105 1252 1268
 23.6 2 318 1787 1269
 19 1 244 1725 1270
 18.8 1 343 375 1271
 20.5 2 95 776 1272
 20.4 1 275 544 1273
 19.3 2 94 1565 1274
 13 1 265 1784 1275
 19.5 2 270 1237 1276
 19.3 2 281 864 1277
 22.2 2 268 1097 1278
 18.2 1 303 49 1279
 22.6 2 260 1878 1280
 18.4 1 266 226 1281
 19.5 1 235 451 1282
 21.6 2 269 693 1283
 17.6 1 299 1381 1286
 25 2 315 1149 1287
 21.7 2 261 962 1288
 21.4 2 289 200 1289
 23.5 2 302 140 1290
 16 1 104 79 1291
 24.4 2 253 305 1292
 22 2 260 839 1293
 16.7 1 97 603 1294
 16 1 291 1504 1295
 23.5 2 294 1537 1296
 22.3 2 281 1301 1297
 24.2 2 254 813 1298
 21.4 1 374 1025 1299
 20.8 2 229 1735 1300
 16.2 1 234 1513 1301
 25 2 254 588 1302
 19.8 2 184 821 1303
 22.5 2 232 315 1304
 23.5 2 288 1771 1305
 22.7 2 364 126 1306
 22.5 2 201 1011 1307
 21.3 2 282 788 1308
 17.4 1 321 1313 1309
 17.9 1 299 1 1310
 20.6 2 92 1655 1311
 20 1 361 439 1312
 22.9 2 301 665 1313
 16.3 1 291 466 1314
 22.4 2 339 234 1315
 18.1 1 96 1862 1316
 19.3 1 275 1163 1317
 17.4 1 272 933 1318
 23.7 2 259 1166 1319
 18.2 1 235 1221 1320
 19 1 257 1799 1321
 22.7 2 269 291 1322
 18.6 1 97 520 1323
 15 1 319 614 1324
 16.2 1 286 382 1325
 21.8 2 301 1712 1326
 19.8 1 116 57 1327
 15.2 1 366 1080 1328
 18.1 1 265 1013 1329
 19.5 1 292 1078 1330
 27.2 2 118 61 1331
 20.1 2 100 1714 1332
 17.9 1 344 381 1333
 17.4 2 323 762 1334
 18.2 1 273 521 1335
 18.1 1 271 1569 1336
 21.7 2 296 1796 1337
 21.4 2 106 1223 1338
 20.5 1 228 993 1339
 17.5 1 158 930 1340
 22.4 2 301 212 1341
 20.6 1 322 1870 1342
 19.9 1 96 468 1344
 15.9 1 343 674 1345
 18.2 1 307 1421 1346
 16.6 1 285 1658 1347
 15.4 1 313 1367 1348
 19.1 1 266 785 1350
 26.9 2 262 1008 1351
 24 2 339 134 1352
 20.2 2 173 86 1353
 22 2 148 318 1354
 20.9 2 155 828 1355
 16.9 1 195 594 1356
 18.4 1 322 1515 1357
 20.8 2 156 1529 1358
 20.9 1 179 1287 1359
 19.6 1 173 637 1360
 18.7 2 193 871 1361
 21.6 2 224 275 1362
 16.9 1 135 39 1363
 25.4 2 111 175 1364
 16.7 1 244 971 1365
 18.3 1 91 743 1366
 27.6 2 267 1360 1367
 22.3 2 107 1599 1368
 20.8 2 101 1432 1369
 19.1 1 273 1372 1370
 20.8 2 283 729 1371
 18.8 1 321 421 1372
 17.6 1 319 193 1373
 28.4 2 340 30 1374
 20.7 2 259 258 1375
 19.2 1 298 885 1376
 25.7 2 296 1219 1377
 17.5 1 345 1445 1378
 14.4 1 293 1580 1379
 20.8 2 270 1528 1380
 18.4 1 258 582 1381
 17.6 1 264 807 1382
 23.2 2 247 343 1383
 17.9 1 319 1766 1384
 25.2 2 268 122 1385
 21.3 1 361 1034 1386
 18.3 1 240 796 1387
 16.4 1 105 1315 1388
 17.6 1 321 1727 1389
 19.2 1 242 1670 1390
 22.9 2 238 434 1391
 22.7 2 316 656 1392
 23.6 2 107 484 1393
 22.8 2 253 248 1394
 18.6 1 265 1856 1395
 25.9 2 267 1182 1396
 22.5 2 268 953 1397
 24.1 2 253 1167 1398
 23.6 2 245 1376 1399
 17.5 1 275 1380 1400
 21.5 2 193 1155 1401
 17.8 1 135 942 1402
 19.7 2 231 1174 1403
 20 2 201 1847 1404
 23.7 2 121 245 1405
 18.8 1 190 477 1406
 15.6 1 115 653 1407
 18.1 1 189 432 1408
 26.8 2 134 1667 1409
 20.9 1 124 1534 1410
 21.5 1 122 1300 1411
 20.1 1 173 795 1412
 23.5 2 198 1022 1413
 20.5 2 149 113 1414
 18 2 239 1761 1415
 16.3 1 197 330 1416
 19.2 1 145 809 1417
 16.2 1 205 580 1418
 26.5 2 340 1525 1419
 18.7 1 204 1575 1420
 19.2 1 137 1443 1421
 19 1 346 643 1422
 20.7 2 281 877 1423
 25.1 2 177 259 1424
 18.6 1 180 28 1425
 26.5 2 316 185 1426
 17.8 1 285 414 1427
 18.2 1 195 726 1428
 26.6 2 375 1369 1429
 22.5 2 260 1425 1430
 24 2 341 1588 1431
 26.9 2 342 1359 1432
 15.1 1 304 736 1433
 21.4 2 95 405 1434
 17.3 1 286 173 1435
 19.9 1 286 36 1436
 26.2 2 134 269 1437
 21.3 1 374 869 1438
 19.1 1 345 639 1439
 18.8 2 155 1279 1440
 22.1 2 139 1739 1441
 22.2 2 100 1518 1442
 20.8 2 323 825 1444
 16 1 271 322 1445
 19.9 2 289 1777 1446
 18 1 105 131 1447
 19.5 1 287 1017 1448
 19.9 2 94 792 1449
 19.6 2 106 1137 1450
 20.4 1 345 1364 1451
 17.2 1 242 1661 1452
 18.5 1 346 442 1453
 26.6 2 93 670 1454
 18.2 1 299 471 1455
 23.5 2 323 238 1456
 21.1 2 301 1868 1457
 14.9 1 104 1170 1458
 24.9 2 237 939 1459
 24 2 302 1225 1461
 18.8 1 305 1803 1462
 25.2 2 296 1571 1463
 18.6 1 286 524 1464
 20.1 2 95 617 1465
 18.2 2 103 388 1466
 19.5 1 266 1715 1467
 22.4 2 93 71 1468
 23.3 2 238 1086 1469
 23.5 2 318 1016 1470
 25.4 2 341 1083 1471
 25.5 2 238 65 1472
 16.8 1 99 1718 1473
 21.6 2 270 385 1474
 23.3 2 301 612 1475
 27 2 354 528 1476
 19.8 2 282 1573 1477
 19.7 1 298 1801 1478
 20.6 1 314 1228 1479
 17.4 1 96 1169 1480
 18.2 2 110 936 1481
 13.5 2 101 1161 1482
 23.7 2 341 1875 1483
 20.2 1 322 233 1484
 20.1 1 240 474 1485
 20.4 2 101 680 1486
 24.4 2 254 440 1487
 20.3 2 269 1669 1488
 21.5 2 297 1373 1489
 17.4 1 292 1316 1490
 19.3 1 319 790 1491
 16.9 1 266 1014 1492
 25.7 2 302 137 1493
 18.9 1 266 1774 1494
 17.7 1 305 326 1495
 18 1 104 831 1496
 17.5 1 343 598 1497
 23.5 2 245 1526 1498
 18.4 1 105 1731 1499
 17.8 1 320 1029 1500
 18.2 1 145 802 1501
 20.9 1 228 1291 1502
 18.8 2 193 1530 1503
 24 2 254 1495 1504
 21.2 2 94 600 1505
 26.9 2 315 832 1506
 12.2 1 293 302 1507
 24 2 253 77 1508
 14.9 1 168 138 1509
 19.7 2 246 1178 1510
 16.6 1 258 947 1511
 22.3 2 95 1147 1512
 18.5 2 186 1374 1513
 22.8 2 143 1639 1514
 19.8 2 183 1409 1515
 18.8 1 190 682 1516
 18 1 305 454 1517
 20.2 1 266 224 1518
 24.2 2 290 1876 1519
 26.3 2 355 43 1520
 18.3 1 272 1095 1521
 17.9 1 320 999 1522
 16.5 1 97 1230 1523
 18.6 1 166 1786 1524
 18.9 1 99 1564 1525
 18.5 1 320 535 1526
 15.2 1 343 770 1527
 18.6 1 136 372 1528
 23.6 2 245 1723 1529
 20.8 2 289 1781 1530
 21.1 2 281 1236 1531
 16.2 1 271 1003 1532
 13.7 1 293 1090 1533
 27 2 318 48 1534
 15.5 1 265 1703 1535
 16.7 1 264 392 1536
 23.5 2 262 623 1537
 17.2 1 313 287 1539
 17.2 1 285 1632 1540
 24.2 2 341 1384 1541
 23.2 2 315 1160 1542
 17.9 1 287 945 1543
 23.9 2 282 1176 1544
 24 2 288 1852 1545
 19.1 1 275 251 1546
 19.7 1 255 480 1547
 16.7 2 239 660 1548
 25.9 2 316 436 1549
 19.6 1 305 1488 1550
 21.6 2 282 1719 1551
 21.4 2 281 1305 1552
 28.7 2 354 799 1553
 22.2 2 238 1026 1554
 20.5 2 239 118 1555
 19 1 240 1765 1556
 24.1 2 253 336 1557
 17.5 1 243 816 1558
 19.8 2 106 585 1559
 19.3 1 273 1346 1560
 17.9 1 272 1578 1561
 26.3 2 237 1447 1562
 21 2 246 1218 1563
 28 2 340 881 1564
 25 2 254 262 1565
 21.7 2 246 33 1566
 17.1 2 103 190 1567
 19.2 1 358 425 1568
 19.1 1 257 732 1569
 18.8 1 303 659 1570
 27 2 315 1430 1571
 26.8 2 342 1592 1572
 18.3 1 97 1363 1573
 19.2 1 264 740 1574
 19.8 2 94 966 1575
 16.6 1 291 179 1576
 18.7 1 346 41 1577
 18.2 1 236 273 1578
 19.4 2 147 815 1580
 15.5 1 114 1285 1581
 24.2 2 142 1520 1582
 25.2 2 426 1524 1583
 18.4 2 156 591 1584
 25.4 2 118 830 1585
 24.4 2 118 328 1586
 16.9 1 365 84 1587
 20.7 2 110 139 1588
 25.1 2 290 1020 1589
 26 2 355 963 1590
 20.7 2 199 1142 1591
 16 1 96 1370 1592
 15.3 1 160 1666 1593
 25.5 2 133 1418 1594
 24.8 2 154 678 1595
 26.2 2 238 475 1596
 24.7 2 288 242 1597
 22.4 1 157 1877 1598
 21 1 256 205 1599
 28.3 2 353 673 1600
 17.4 1 265 445 1601
 24.8 2 316 1646 1602
 18.6 1 286 1881 1603
 29.5 2 316 1143 1604
 17.1 1 145 954 1605
 22.8 2 132 1184 1606
 19.6 1 305 1834 1607
 17.6 1 264 1607 1608
 20.7 1 137 485 1609
 20.7 1 360 827 1610
 22.6 2 95 593 1611
 17.7 1 138 1502 1612
 18.6 1 195 1728 1613
 18.6 1 307 1286 1614
 20.9 2 176 1064 1615
 19.4 1 179 1036 1616
 16.6 1 160 98 1617
 25 2 262 1752 1618
 18.6 1 202 344 1619
 20.5 1 365 401 1620
 18.1 2 110 742 1621
 15.7 1 321 1354 1622
 21 2 232 1582 1623
 23.5 2 356 1431 1624
 19.4 1 190 1210 1625
 20.6 1 367 891 1626
 23.7 2 132 1119 1627
 20 1 173 19 1628
 18 1 146 197 1629
 19.2 1 358 884 1631
 18.9 1 204 646 1632
 22.5 2 133 1436 1633
 19.8 1 158 1579 1634
 16.5 1 166 1350 1635
 20.2 1 345 749 1636
 22 2 155 975 1637
 21.6 2 426 163 1638
 16 1 189 1820 1639
 16.8 1 160 106 1640
 16.4 2 103 1033 1641
 17 1 144 806 1642
 18.1 1 194 1298 1643
 18.3 1 144 1500 1645
 18.8 1 189 607 1646
 19.1 1 418 835 1647
 20.4 1 374 307 1648
 21.3 2 161 81 1649
 21.4 2 148 1840 1650
 20.1 2 201 194 1651
 19.1 1 357 952 1652
 18.9 2 186 1152 1653
 18.5 1 227 1377 1654
 22.8 2 169 1644 1655
 15.7 1 233 1412 1656
 21 2 200 686 1657
 17.7 1 150 460 1658
 19.8 1 203 229 1659
 17.3 1 124 1699 1660
 15.9 1 233 47 1661
 20.2 2 198 1099 1662
 21.4 2 239 863 1663
 22.5 2 148 1233 1664
 13.2 2 103 1789 1665
 20.3 1 123 1567 1666
 12.6 2 229 541 1667
 25.2 2 201 773 1668
 17.9 1 314 1785 1671
 21.5 2 430 1240 1672
 22.6 2 297 1007 1673
 21.3 2 192 1093 1674
 16.6 1 168 1319 1675
 17.8 1 187 1708 1676
 24.4 2 112 399 1677
 24.3 2 134 625 1678
 17.8 1 160 511 1679
 18.2 1 358 459 1680
 19.2 2 200 1638 1681
 20.3 1 202 1872 1682
 21.9 2 269 1165 1683
 23.2 2 107 950 1684
 20.1 1 255 1181 1685
 16.5 1 104 1859 1686
 17.7 1 307 1613 1687
 20.2 2 148 486 1688
 19.6 2 121 663 1689
 25.6 2 111 609 1690
 19.8 1 300 1494 1691
 15.7 1 293 1724 1692
 19.1 2 170 1311 1693
 16.8 1 116 1073 1694
 22.5 1 172 1032 1695
 21.4 1 228 123 1696
 19.9 1 124 1768 1697
 16.4 1 226 345 1698
 17 1 168 559 1699
 20.7 2 184 321 1700
 24.1 2 111 89 1701
 18.4 1 203 120 1702
 24.7 2 102 348 1703
 23.2 2 282 791 1704
 17.7 2 149 1307 1705
 19 1 124 1539 1706
 18.5 1 233 1482 1707
 18.7 1 135 1259 1708
 23.6 2 429 840 1709
 19.4 1 227 470 1710
 18.9 1 287 237 1711
 17.2 1 298 1854 1712
 27.7 2 177 202 1713
 23.5 2 156 938 1714
 18.8 1 300 711 1715
 26.2 2 342 1387 1716
 17.6 1 145 1625 1717
 19.4 1 96 1401 1718
 17.2 1 304 694 1719
 19.2 1 146 759 1720
 20.4 1 366 387 1721
 24 2 134 1709 1722
 22.8 2 133 52 1723
 19.7 1 153 1085 1724
 18.2 2 155 857 1725
 20 1 153 1243 1726
 18.1 1 159 1464 1727
 21.2 2 148 1556 1728
 20.6 2 229 549 1729
 19.9 1 418 610 1730
 17.4 1 146 527 1731
 18.7 1 203 294 1732
 23.8 2 142 1791 1733
 16.4 2 186 1227 1734
 23.5 2 143 995 1735
 20.4 2 143 1102 1736
 14.2 1 175 1327 1737
 14.8 1 167 1695 1738
 19.8 1 202 1470 1739
 27.4 2 364 461 1740
 19.6 2 184 679 1741
 20.8 2 155 449 1742
 22.9 2 232 1653 1743
 22.7 2 171 1883 1744
 23.8 2 140 1145 1745
 24 2 430 961 1746
 20 2 147 1187 1747
 19.2 1 145 1838 1748
 20.6 2 169 1610 1749
 24.1 2 139 308 1750
 19.9 1 194 545 1751
 18 1 153 597 1752
 28.3 2 177 1509 1753
 19.7 2 143 1732 1754
 17 1 175 1289 1755
 17.2 1 113 1066 1756
 20.4 2 149 1040 1757
 18.1 2 186 104 1758
 15.3 1 197 1756 1759
 17.2 1 144 168 1760
 29.3 2 118 404 1761
 23.7 2 171 746 1762
 21.1 2 161 505 1763
 22.4 2 121 1586 1764
 16 1 188 1434 1765
 22.9 2 224 1212 1766
 27.5 2 356 897 1767
 17 1 373 1121 1768
 26.5 2 356 23 1769
 20.3 2 121 1837 1770
 24 2 142 254 1771
 18.4 1 190 888 1772
 17.5 1 234 650 1773
 18.6 1 366 1441 1774
 24.8 2 161 1671 1775
 18.2 1 205 1353 1776
 24.2 2 426 755 1777
 17 2 149 978 1778
 23.4 2 119 167 1779
 25.3 2 178 103 1780
 15.7 1 181 112 1781
 20.8 2 231 340 1782
 17.4 1 181 811 1783
 22.9 2 429 1303 1784
 24.7 2 355 1532 1785
 20.9 2 191 1506 1786
 25.5 2 140 1265 1787
 17.7 2 149 841 1788
 19.5 1 227 311 1789
 14.2 1 113 253 1790
 13.9 1 182 1846 1791
 17.7 1 197 198 1792
 16.7 2 169 958 1793
 22.9 2 430 719 1794
 20.4 1 172 1383 1795
 25.8 2 134 1650 1796
 23.9 2 171 1413 1797
 20.2 2 148 695 1798
 17.7 1 137 913 1799
 22.4 2 117 1851 1800
 17.2 1 180 1617 1801
 22.6 2 229 472 1802
 19.8 1 374 697 1803
 15.4 1 181 435 1804
 22.6 2 132 1663 1805
 21.5 2 170 7 1806
 18.5 1 182 1131 1807
 23.4 2 232 916 1808
 27.5 2 119 1193 1809
 19.4 2 231 117 1810
 18.8 2 184 1764 1811
 16.9 1 151 324 1812
 22.8 2 231 556 1813
 20.6 1 122 584 1814
 18.1 1 194 363 1815
 23 2 176 1742 1816
 19.3 1 116 1272 1817
 19 2 176 1056 1818
 15.8 1 144 1047 1819
 16.6 1 189 1110 1820
 18.4 1 124 32 1821
 20.7 1 357 181 1822
 21.9 1 172 410 1823
 18 1 135 731 1824
 17.8 1 366 500 1825
 18.4 1 114 1595 1826
 26.8 2 429 1814 1827
 26.7 2 375 1201 1828
 23.8 2 364 905 1829
 21.8 2 191 964 1830
 17 1 365 178 1831
 17.5 2 193 1826 1832
 19.8 1 365 265 1833
 15.2 1 113 873 1834
 18.6 1 202 640 1835
 19.1 2 147 1450 1836
 20.7 2 132 1679 1837
 15 1 175 1341 1838
 14.9 1 197 1123 1839
 16.5 2 139 818 1840
 17.2 1 151 327 1841
 17.2 1 235 92 1842
 19.7 1 418 127 1843
 21.3 2 426 351 1844
 18.2 2 192 793 1845
 25 2 165 1314 1846
 21.5 1 360 1543 1847
 17.4 1 114 1486 1848
 18.6 2 192 1261 1849
 25.5 2 191 661 1850
 19.2 1 123 900 1851
 19.8 1 157 241 1852
 15.7 1 180 1863 1853
 17.3 1 160 206 1854
 20.8 1 179 940 1855
 20.6 2 193 713 1856
 20.8 1 418 1390 1857
 16.4 1 204 1630 1858
 22.5 2 154 1404 1859
 24.1 2 191 517 1860
 20.3 2 164 761 1861
 25.7 2 117 390 1862
 17 2 164 159 1863
 23 2 200 58 1864
 17 1 159 1088 1865
 17.9 2 170 859 1866
 21.2 2 139 1247 1867
 21.3 2 169 1467 1868
 17.8 1 150 1559 1869
 23.5 2 431 1485 1870
 18.6 1 188 613 1871
 17.1 1 188 533 1872
 16.9 1 180 298 1873
 24.5 2 111 1797 1874
 25.1 2 429 141 1875
 19 1 187 997 1876
 20.3 1 122 1107 1877
 19.2 1 116 1330 1878
 16.4 1 167 1697 1879
 16 1 146 1629 1880
 21 1 228 465 1881
 25.5 1 133 690 1882
 20.9 2 231 456 1883
 22.3 2 132 1659 1884
 20.8 2 184 4 1885
 15.7 1 187 1150 1886
 20.9 1 172 1194 1888
 21.2 2 232 1844 1889
 18.2 1 123 1779 1890
 22.1 2 170 314 1891
 17.9 1 137 550 1892
 21 1 357 605 1893
 19 2 184 368 1894
 18.7 2 184 1738 1895
 17.9 1 146 1295 1896
 19.4 1 166 1069 1897
 22 2 112 1048 1898
 19.6 1 122 1256 1899
 20.2 1 360 1499 1900
 23.1 1 374 1267 1901
 22 2 176 829 1902
 17.2 1 205 1050 1903
 24.5 2 178 80 1904
 18 1 188 135 1905
 16.4 1 150 358 1906
 20.2 1 357 781 1907
 25.8 2 178 565 1908
 19.3 1 195 1549 1909
 24.6 2 363 1643 1910
 19.9 1 123 1411 1911
 19.5 1 182 676 1912
 19.7 2 192 911 1913
 17 1 150 228 1914
 15.8 1 271 12 1915
 17.8 1 299 215 1916
 19.9 1 285 925 1917
 16.5 1 291 704 1918
 21.4 2 246 1395 1919
 18.5 1 285 1457 1920
 15.7 1 256 1566 1921
 16.5 2 162 530 1922
 18.4 1 194 767 1923
 15.9 1 197 377 1924
 16 1 285 154 1925
 18.4 1 136 68 1926
 23.8 2 254 283 1927
 20 2 229 849 1928
 16.4 1 114 1253 1929
 15 1 151 1318 1930
 16 2 149 1707 1931
 27.1 2 302 1476 1932
 20 1 303 620 1933
 19.9 2 162 515 1934
 18.6 2 186 289 1935
 22.3 2 224 1806 1936
 23.1 2 201 149 1937
 21.3 2 121 988 1938
 17.8 2 164 775 1939
 24.6 2 224 1172 1940
 17.5 1 203 1858 1941
 12.2 1 167 1619 1942
 22.7 2 132 478 1943
 17.4 1 151 699 1944
 24 2 429 437 1945
 18.7 1 153 1668 1946
 16.4 1 233 10 1947
 19.3 1 419 1135 1948
 18.3 1 227 919 1949
 17.2 1 115 1018 1950
 19.9 1 158 1251 1951
 20.5 1 173 1767 1952
 24.2 2 117 331 1953
 18.2 1 365 560 1954
 20.9 1 162 364 1956
 18.6 1 419 1277 1958
 19.3 2 156 1059 1959
 18.2 1 226 874 1960
 19 2 229 1111 1961
 23.9 2 140 34 1962
 17.2 2 193 1691 1963
 17.9 1 366 415 1964
 15.5 1 158 734 1965
 19.4 1 145 501 1966
 23.5 2 375 1598 1967
 22.7 2 426 1817 1968
 12.4 1 115 1205 1969
 23.5 2 339 1134 1970
 17.2 1 181 967 1971
 17.7 1 153 183 1972
 24.6 2 156 1829 1973
 19.8 2 161 270 1974
 17.8 1 159 488 1975
 22.6 2 140 641 1976
 16.5 1 204 1454 1977
 28.8 2 353 1682 1978
 17.3 1 244 1344 1979
 21.3 2 186 1276 1980
 16.8 1 151 822 1981
 23.8 1 122 1044 1982
 27.8 2 364 99 1983
 23.4 2 155 132 1984
 20.6 1 360 356 1985
 18.2 1 300 797 1986
 24.8 2 364 570 1987
 16.9 1 272 1547 1988
 17.5 1 205 1492 1989
 19.5 2 183 1423 1990
 22.7 2 251 666 1991
 25.2 2 356 906 1992
 18.9 1 113 249 1993
 21.5 2 143 15 1994
 18.4 1 91 715 1997
 25.8 2 315 1394 1998
 19.7 1 257 1604 1999
 24 2 302 125 2000
 22.7 2 288 1770 2001
 23 2 318 316 2002
 21.3 2 95 554 2003
 23 2 259 587 2004
 20.6 1 393 1514 2005
 16.8 1 407 1740 2006
 21.1 1 400 1278 2007
 19.4 1 400 1061 2008
 18.6 1 407 1046 2009
 18.4 1 392 268 2010
 20.9 1 400 35 2011
 18.5 1 407 174 2012
 19.5 1 391 408 2013
 17.3 1 393 735 2014
 22.1 1 378 502 2015
 27 2 381 1593 2016
 18.5 1 454 1424 2017
 25.3 2 444 1207 2018
 15.7 1 433 904 2019
 23.6 2 416 184 2021
 30.2 2 402 29 2022
 21.5 2 437 263 2023
 28.1 2 376 876 2024
 25.5 2 442 642 2025
 21.4 2 397 1448 2026
 20.8 1 468 1687 2027
 25.2 2 390 1345 2028
 25.2 2 363 757 2029
 20.3 1 411 810 2030
 27.8 2 463 329 2031
 23.4 2 403 94 2032
 25.3 2 404 119 2033
 20.7 2 386 1021 2034
 27 2 371 794 2035
 26.3 2 376 1306 2036
 26.8 2 442 1546 2037
 29.7 2 383 1487 2038
 28 2 371 1263 2039
 24 2 386 476 2041
 24.1 2 386 244 2042
 25.4 2 435 1853 2043
 24 2 441 201 2044
 20.8 2 464 941 2045
 25.2 2 463 1156 2046
 20 1 445 1385 2047
 28 2 368 1631 2048
 23 2 457 1406 2049
 23.7 2 362 512 2050
 23.6 2 442 753 2051
 28.1 2 377 391 2052
 20.4 1 462 1704 2053
 24.4 2 375 51 2054
 27.8 2 396 1089 2055
 21.8 2 448 860 2056
 19.8 2 416 1241 2057
 26.1 2 369 1780 2058
 18.5 1 380 1561 2059
 19.6 1 440 373 2060
 21.6 2 381 604 2061
 27.2 2 376 534 2062
 18.9 1 438 299 2063
 24.8 2 458 1790 2064
 29.4 2 415 1229 2065
 25.1 2 457 998 2066
 24.8 1 410 1100 2067
 20.7 1 405 1336 2068
 24.4 1 410 1698 2069
 28 2 437 1636 2070
 17.5 1 461 455 2071
 20.7 2 397 681 2072
 20.5 1 445 450 2073
 21.7 1 468 1645 2074
 23.6 2 404 1880 2075
 27.1 2 434 1146 2076
 19.6 1 398 959 2077
 23.6 2 431 1191 2078
 22.5 2 362 1839 2079
 21.3 2 387 303 2081
 24.6 2 363 539 2082
 23.3 2 395 599 2083
 18.4 1 432 1501 2084
 24.6 2 466 1730 2085
 22.3 1 451 1290 2086
 27.8 2 415 1067 2087
 22.8 2 431 1043 2088
 17.3 1 454 105 2089
 20.3 1 461 46 2090
 24.9 2 466 164 2091
 24.9 2 414 396 2092
 22.2 2 437 748 2093
 26.5 1 410 508 2094
 25.7 2 450 1581 2095
 18.1 1 468 1435 2096
 20.5 1 445 1213 2097
 25.5 2 444 889 2098
 22.7 1 451 1115 2099
 26.7 2 396 1651 2100
 20.9 1 451 1415 2101
 21.2 1 385 668 2102
 25 2 465 908 2103
 28.2 2 437 232 2104
 20.4 1 412 1866 2105
 17.5 1 373 210 2106
 24.5 2 401 929 2107
 16.7 1 432 708 2108
 20.4 1 373 1392 2109
 25.5 2 413 1795 2110
 21 1 452 1568 2111
 24.6 2 384 522 2112
 27.5 2 368 763 2113
 25.6 2 457 380 2114
 20.2 2 387 62 2116
 25.4 2 369 1077 2117
 16.7 1 373 854 2118
 26.2 2 371 1249 2119
 28.4 2 434 1310 2120
 26.9 2 435 383 2122
 20.9 1 433 615 2123
 16.9 1 372 519 2124
 21.9 2 441 290 2125
 25.5 2 437 1800 2126
 24 2 458 144 2127
 21.7 2 395 991 2128
 19.1 1 432 1109 2129
 20.5 1 398 1164 2130
 20.7 1 440 1861 2131
 25.5 2 441 1621 2132
 27.9 2 377 467 2133
 20.4 1 445 664 2134
 25 2 369 438 2135
 23.9 2 363 1662 2136
 26.2 2 368 5 2137
 26.3 2 383 1136 2138
 25.9 2 442 921 2139
 16.7 1 459 1012 2140
 17.5 1 453 130 2141
 18.9 1 432 1776 2142
 23.9 2 384 323 2143
 24.3 2 397 558 2144
 19.5 1 406 608 2145
 26.6 2 401 1519 2146
 22.2 1 461 1745 2147
 27.1 2 363 1293 2148
 19.9 1 445 1068 2149
 17.6 1 438 870 2150
 16.8 1 459 1105 2151
 20.9 1 406 40 2152
 27.2 2 442 180 2153
 24.4 2 371 413 2154
 18.5 1 461 756 2155
 18.7 1 438 510 2156
 18.5 1 438 1601 2157
 24.5 2 401 1433 2158
 26.9 2 436 1214 2159
 26 2 415 727 2160
 20.3 1 374 957 2161
 19.9 1 373 189 2162
 21.5 1 391 1831 2163
 18.2 1 453 267 2164
 25 2 457 907 2165
 19.7 1 433 657 2166
 20 1 419 1456 2167
 25.7 2 382 1689 2168
 17.3 1 412 1283 2170
 26.3 2 435 817 2171
 27.5 2 371 335 2172
 17.5 1 407 107 2173
 23.6 2 444 124 2174
 18.2 1 432 347 2175
 26.1 2 409 819 2176
 21.1 2 369 1312 2177
 26.8 2 463 1548 2178
 26.9 2 404 1510 2179
 26.5 2 394 1428 2180
 22.3 2 465 654 2181
 21 1 440 895 2182
 19.3 2 416 255 2183
 22.1 2 455 1860 2184
 25.4 2 465 965 2186
 29.2 2 377 714 2187
 25.6 2 465 1393 2188
 21.4 1 446 1648 2189
 27 2 382 516 2191
 23.8 2 381 758 2192
 20.3 1 440 398 2193
 26.2 2 455 161 2194
 20.8 2 416 56 2195
 19.3 1 412 1108 2196
 17.3 1 406 867 2197
 29.2 2 443 1250 2198
 23.8 2 457 1460 2199
 16.2 1 391 1296 2200
 23.7 2 458 1070 2201
 28.1 2 414 1024 2202
 18.3 1 438 1759 2204
 21.5 1 372 334 2205
 21.3 2 362 563 2206
 25.3 2 437 576 2207
 22.4 1 451 361 2208
 18.1 1 392 1744 2209
 25.5 2 362 1439 2210
 27.4 2 383 1215 2211
 22.5 2 456 879 2212
 27.6 2 450 1113 2213
 25.7 2 371 26 2214
 26.6 2 448 1688 2215
 25.5 2 381 418 2216
 20.6 2 397 723 2217
 21.7 1 405 498 2218
 15.1 1 438 1600 2219
 22.3 2 395 1665 2220
 26.2 2 456 1356 2221
 24.2 2 395 738 2222
 29.7 2 389 969 2223
 25.8 2 384 171 2224
 17.8 1 412 1823 2225
 17.3 1 392 272 2226
 25.3 2 444 491 2227
 22.7 2 375 636 2228
 25 2 436 1455 2229
 22.6 2 458 1523 2230
 24.6 2 375 1507 2231
 27.5 2 434 1270 2232
 25.7 2 435 824 2233
 16.5 1 373 312 2234
 15.5 1 453 129 2236
 21.1 1 467 354 2237
 25.3 2 362 784 2238
 22.6 2 431 569 2239
 27 2 443 1368 2240
 23.1 2 386 1657 2241
 18.4 1 412 1420 2242
 20.3 1 446 675 2243
 24.5 2 455 909 2244
 28.4 2 402 239 2245
 20.9 1 440 1871 2246
 26 2 384 213 2247
 19.9 1 433 712 2249
 26.8 2 368 1224 2250
 21.3 1 372 1452 2251
 24.7 2 457 1572 2252
 20.8 1 467 529 2253
 24.7 2 390 765 2254
 18.7 1 459 156 2256
 21.4 1 398 66 2257
 29.1 2 396 1087 2258
 19.6 1 433 858 2259
 20.6 1 412 1081 2260
 25.7 2 382 1317 2261
 26.7 2 409 1711 2262
 21.5 2 387 1479 2263
 25.9 2 404 618 2264
 27 2 390 551 2265
 20.4 2 362 295 2266
 19 1 433 1804 2267
 25 2 444 155 2268
 24.6 2 368 996 2269
 29.1 2 443 934 2270
 21.3 2 447 1171 2271
 26.5 2 377 1867 2272
