     1     1     2     1     1     2  0.73607E-01
     1     2     2     1     1     2  0.40710E-02
     1     3     2     1     1     2  0.22707E-03
     1     4     2     1     1     2 -0.83829E-02
     1     5     2     1     1     2 -0.30795E-03
     1     6     2     1     1     2 -0.11443E-04
     1     7     2     1     1     2 -0.15531E-02
     1     8     2     1     1     2 -0.54165E-04
     1     9     2     1     1     2 -0.18403E-05
     2     2     2     1     2     2  0.10386E-02
     2     3     2     1     2     2  0.10164E-03
     2     4     2     1     2     2 -0.43693E-03
     2     5     2     1     2     2 -0.12796E-03
     2     6     2     1     2     2 -0.80753E-05
     2     7     2     1     2     2 -0.32134E-04
     2     8     2     1     2     2 -0.65673E-04
     2     9     2     1     2     2 -0.46219E-05
     3     3     2     2     2     2  0.45840E-04
     3     4     2     2     2     2 -0.23847E-04
     3     5     2     2     2     2 -0.13998E-04
     3     6     2     2     2     2 -0.67303E-05
     3     7     2     2     2     2  0.59041E-06
     3     8     2     2     2     2 -0.36146E-05
     3     9     2     2     2     2 -0.96515E-05
     4     4     3     1     1     2  0.46864E-01
     4     5     3     1     1     2  0.20226E-02
     4     6     3     1     1     2  0.92116E-04
     4     7     3     1     1     2 -0.86405E-02
     4     8     3     1     1     2 -0.43133E-03
     4     9     3     1     1     2 -0.22508E-04
     5     5     3     1     2     2  0.91702E-03
     5     6     3     1     2     2  0.78565E-04
     5     7     3     1     2     2 -0.43014E-03
     5     8     3     1     2     2 -0.20667E-03
     5     9     3     1     2     2 -0.19945E-04
     6     6     3     2     2     2  0.64619E-04
     6     7     3     2     2     2 -0.22468E-04
     6     8     3     2     2     2 -0.20107E-04
     6     9     3     2     2     2 -0.17984E-04
     7     7     4     1     1     0  0.91389E-02
     7     8     4     1     1     0  0.39007E-03
     7     9     4     1     1     0  0.17211E-04
     8     8     4     1     2     0  0.32880E-03
     8     9     4     1     2     0  0.26744E-04
     9     9     4     2     2     0  0.44023E-04
