 20.3 1.45443 1 499 320 345
 26.7 1.13901 2 185 177 346
 19.5 1.33243 2 359 31 347
 22.2 0.92849 2 108 1763 348
 17.3 1.42519 1 128 1615 349
 18.1 0.384847 2 76 1841 350
 25.6 2.06488 2 486 108 351
 20.6 1.59988 2 284 256 352
 17.3 1.11917 1 483 402 353
 16.3 0.815969 2 496 547 354
 21.8 1.73226 2 347 672 355
 18.5 0 2 485 526 356
 22.3 1.03688 2 163 386 357
 17.4 2.19321 1 379 236 358
 18.7 1.34323 1 481 87 359
 21.2 0 2 277 1489 360
 20.6 1.85495 1 58 1633 361
 19.7 0.83553 1 120 1782 362
 20.2 0.945294 1 36 44 363
 19.8 0 2 277 195 364
 16.3 0.823025 1 427 1028 365
 22.8 0 2 502 883 366
 19 1.58867 1 473 741 367
 15.9 0.914554 1 482 592 368
 21.7 0 2 277 443 369
 18.7 0 1 212 1138 370
 24.2 1.69934 2 185 1280 371
 18.9 1.3965 2 127 1426 372
 16.4 0.529596 2 503 1576 373
 16.9 1.15234 2 469 1721 374
 15 1.23397 1 351 1379 375
 20.5 1.68682 2 422 1235 376
 19.4 1.41213 2 422 1094 377
 17.8 0.685436 1 241 946 378
 18.4 1.24466 2 349 800 379
 15.9 0.874333 1 141 786 380
 16.3 1.07634 1 388 931 381
 21.8 1.46408 2 497 1079 382
 18.5 1.59387 1 230 1222 383
 17 1.52043 2 347 1366 384
 19 1.31146 1 474 1734 385
 14.8 0.922993 1 460 1442 387
 17.2 1.51011 1 498 1299 388
 17.1 0.677087 1 128 1153 389
 17 0.89771 1 489 430 390
 17.2 0 2 495 578 391
 14 0.946321 1 490 725 392
 22.7 1.66939 2 428 868 393
 17.7 1.31855 1 501 1010 394
 22.1 1.796 2 218 208 395
 17 0.315956 1 492 60 396
 20.1 1.29391 1 350 1798 397
 25.1 1.82716 2 477 1654 398
 16 1.49244 1 211 1511 399
 18.7 1.1206 2 359 937 400
 18.7 0.910075 1 35 1084 401
 14.7 0.24122 2 485 1226 402
 16 0.417944 1 460 1371 403
 17.5 0.808764 1 306 1527 404
 21.1 0.862244 2 218 1583 405
 20.5 1.46873 2 496 1437 406
 23.4 1.18568 2 209 1292 407
 19.3 1.4434 2 349 1148 408
 15.5 1.16462 1 474 1000 409
 16.7 1.46586 1 212 583 410
 15.4 1.00088 1 211 730 411
 18.5 -0.558019 1 219 872 412
 24 1.32654 1 420 1015 413
 16.5 1.14575 1 484 1168 414
 17.6 0.739317 1 141 53 415
 22.6 0 2 502 1792 416
 23.8 0.575903 2 497 1647 417
 16.8 1.46138 1 241 1503 418
 17.6 0.252235 1 493 1355 419
 16.6 0.906825 1 120 227 420
 23.5 0.71229 2 98 376 421
 18.4 0.8595 2 208 514 422
 26.1 1.61298 2 125 658 423
 20.9 0 2 478 814 424
 21.4 1.03887 2 87 411 425
 19.7 1.51682 2 370 121 427
 19.2 1.00039 1 379 1855 428
 18.5 1.21331 1 351 1710 429
 18.8 0.801187 2 13 1755 430
 23.8 1.03833 2 2 22 431
 16.4 1.22702 2 469 166 432
 20.3 1.37771 1 473 306 433
 21.7 1.74855 2 472 458 434
 18.3 0.434941 2 24 768 435
 18.3 1.45185 2 496 621 436
 20.7 0.967401 2 488 473 437
 18 0.217283 1 499 325 438
 13.1 0.232938 2 470 182 439
 21 0.518773 2 508 1403 440
 17.9 0 1 35 1558 441
 21.9 1.42846 2 408 1696 442
 18.6 1.23542 1 499 1836 443
 12.8 0.663215 1 425 102 444
 14.4 0.344398 1 507 1117 445
 15.5 0 1 507 973 446
 18.1 1.4717 1 498 677 448
 13.5 1.06204 2 469 531 449
 19.6 0 2 417 1058 450
 28.6 1.00613 2 428 1204 451
 15.4 0.578877 1 501 1343 452
 18 1.20243 2 423 1484 453
 25.6 0.694306 2 428 1628 454
 17.4 0.406857 1 507 1462 455
 17.3 0.615849 1 427 1324 456
 18.7 1.36664 1 379 1180 457
 19.1 -0.190407 2 488 1031 458
 20 0.316818 2 359 886 459
 16 0.0827718 1 130 706 460
 18.3 1.36142 1 352 852 461
 19.1 0.576321 1 44 990 462
 26.3 0.261798 2 185 1133 463
 18.6 1.50233 1 460 1275 464
 19.2 1.69387 1 207 1812 465
 16.3 1.28421 2 128 1676 466
 14.4 1.38858 1 498 1536 467
 18.1 1.61974 1 492 1382 468
 23.3 0.785588 2 359 1238 469
 23.9 -0.481796 2 98 359 470
 15.7 1.29638 1 483 496 471
 15.3 -0.624177 2 252 635 472
 18.5 0.595137 1 207 783 473
 13.4 0.310612 1 130 928 474
 21.5 0.549245 2 284 281 475
 17.6 1.25157 1 507 146 476
 20.9 1.20183 2 276 3 477
 16.1 0.904838 1 207 1737 478
 21.5 0.325256 2 338 1590 479
 19.7 2.06329 2 210 8 480
 18 1.38032 2 479 150 481
 17.2 0.778291 1 514 284 482
 16 1.11004 1 490 428 483
 20.7 0 2 347 575 484
 19.8 1.68609 2 472 633 485
 16 1.00033 1 295 493 486
 19.6 0.2992 2 98 355 487
 20.3 1.4915 2 370 211 488
 16.2 1.53672 2 469 63 489
 19.9 1.21153 2 276 1540 490
 15.8 0.757456 1 130 1680 491
 15.8 1.3269 1 295 1815 492
 19 0 2 495 74 493
 24.2 1.66223 2 347 221 494
 16.9 1.43467 1 152 987 495
 22.2 1.22382 2 508 848 496
 15.8 0.794427 1 491 703 497
 18.6 0.916769 2 488 564 498
 18 0 1 489 419 499
 18.5 1.1341 1 492 153 500
 19.2 1.57697 1 279 288 501
 19.3 0 2 486 433 502
 17.4 1.13414 1 399 581 503
 20.4 0.699892 2 487 728 504
 17.1 0.654255 1 500 489 505
 12.4 0.839161 1 424 350 506
 17.7 1.25417 1 280 204 507
 21.7 1.5199 2 502 55 508
 22.2 1.27779 2 478 1794 509
 20 0.681613 2 428 1685 510
 17 2.025 1 505 1821 511
 24 0.528581 2 263 78 512
 16.8 0 1 213 225 513
 14.8 1.14183 1 475 374 514
 23.6 1.00511 2 76 844 515
 27.2 1.16434 2 439 698 516
 22 0.825256 2 349 557 517
 21.2 1.73111 1 131 412 518
 17.1 1.45486 2 469 266 519
 20.7 1.26486 1 129 1333 520
 18.5 1.15424 1 350 1471 521
 18.7 1.14383 1 44 1608 522
 17.6 1.39449 1 501 1753 523
 23 1.32915 2 472 20 524
 19.9 1.20823 1 230 1197 525
 13.5 0.531676 2 470 1052 526
 18.8 0.942567 1 44 912 527
 23.3 0.768143 2 348 769 528
 23.7 0.265585 2 174 622 529
 26.2 0.972761 2 185 981 530
 19.5 0.70245 2 521 1125 531
 22.5 0.795413 2 109 1260 532
 16.3 1.11198 1 279 1402 533
 17.4 0 1 35 1557 534
 22.8 0.507778 2 163 1552 535
 24.4 1.09923 2 503 1398 536
 16.1 1.19118 1 213 1255 537
 21.7 0 2 263 1118 538
 16.1 0.623025 1 489 974 539
 17.1 1.30105 1 219 628 540
 23.2 0.54997 2 174 777 541
 19.9 0 2 76 918 542
 21 -0.122189 2 196 1057 543
 19 0.879571 1 427 1203 544
 15.5 0.247167 2 13 16 545
 19 1.03747 2 24 1748 546
 20.2 1.19593 2 479 1603 547
 20.9 1.25773 2 13 1463 548
 12.6 0.454759 1 490 1325 549
 18.7 1.84843 1 295 276 550
 21.9 1.30959 2 126 422 551
 19.2 1.61073 2 347 567 552
 20.5 0.872566 1 499 705 553
 16.3 1.33542 1 501 851 554
 15.3 0.569837 1 460 369 555
 17.4 1.16138 1 230 219 556
 16.1 0.47501 1 295 73 557
 18.9 0.922472 1 505 1813 558
 19.6 1.13482 1 471 1677 559
 17.9 1.26914 1 35 1805 560
 19.5 1.00242 2 127 67 561
 22.2 1.12004 2 348 214 562
 18.8 1.11206 1 500 357 563
 14.7 -0.106786 1 399 495 564
 21.5 1.24854 2 206 720 565
 15 0.133403 1 152 573 566
 23.6 0.682511 2 328 427 567
 16.8 0.79446 1 35 282 568
 15.7 1.06449 1 55 147 569
 15.2 1.05618 1 475 1449 570
 18.7 0.363402 1 505 1594 571
 21.8 0.508932 2 502 1741 572
 19.5 0.909505 1 449 6 573
 20.4 1.27906 2 479 148 574
 15 0.390501 1 482 1074 575
 22.2 0 2 494 926 576
 20.1 0.0368804 2 174 782 577
 18.3 0.801588 1 317 634 578
 18.7 1.28023 1 473 494 579
 15.7 1.54512 1 498 1101 580
 18.8 1.13363 2 252 1242 581
 16.7 0.993214 1 388 1386 582
 18.5 0.570666 2 508 1538 583
 18.5 0.105563 1 120 1678 584
 16 0.946493 1 141 1419 585
 23.3 0.872101 2 349 1273 586
 20.2 1.62125 2 480 1132 587
 14.4 0.43029 2 521 989 588
 19.5 1.35492 1 473 850 589
 20.9 0.479122 2 328 747 590
 14.2 0.680784 1 219 890 591
 19.2 0.518016 2 284 1035 592
 24.4 1.34734 2 502 1183 593
 14.2 1.62104 1 55 1326 594
 18.8 0 1 484 1775 595
 22.5 1.50636 2 472 1626 596
 20.6 -0.224822 2 503 1483 597
 17.2 1.59448 1 379 1342 598
 17.8 1.55424 1 513 1202 599
 24.7 1.50456 2 421 1248 600
 17.8 1.03282 1 329 1391 601
 19.7 1.61596 1 492 1544 602
 20.4 1.36668 2 208 1683 603
 20.4 1.2297 2 163 1818 604
 15.1 1.03203 1 498 1268 605
 21.3 1.01746 2 480 1129 606
 19.2 1.19529 1 493 985 607
 16.7 1.5679 1 379 846 608
 19.6 1.01725 1 44 701 609
 18.7 0.356282 2 163 898 610
 20.4 0.284278 2 488 1041 611
 18.6 1.00115 2 487 1188 612
 20.2 1.52972 2 417 1331 613
 18.5 1.06277 2 423 1468 614
 21.1 1.6226 1 449 1618 615
 23.9 0.735667 2 328 1477 616
 22.2 0.969421 2 108 1339 617
 21.6 0.199876 2 284 1199 618
 18.2 1.2361 1 352 1054 619
 14 0.99638 2 350 542 620
 19.1 0.0790166 1 505 687 621
 17.8 1.73858 1 481 836 622
 19 0.460224 2 487 979 623
 13 0.132989 1 470 1122 624
 19.1 0.32393 2 252 91 625
 16.2 0.87838 2 423 1828 626
 20.1 0 2 422 1692 627
 16.1 0.717203 1 306 1553 628
 17.9 0 2 495 1399 629
 13.4 0.289311 2 274 191 630
 22.4 1.58556 2 421 337 631
 27.1 0.502729 2 185 481 632
 19 0.307638 2 76 626 633
 16.6 0.585436 1 241 774 634
 16.3 1.26466 1 506 448 635
 19.3 0.995934 2 480 297 636
 14 0.902883 1 425 160 637
 21.2 0.19024 2 370 17 638
 18.6 0.523116 1 317 1749 639
 21.7 0.176548 2 174 1716 640
 19.5 1.70494 2 125 1869 641
 18.3 1.42638 1 449 133 642
 23.6 1.75248 2 477 274 643
 20.8 1.40888 2 472 420 644
 22 1.52589 2 278 805 645
 14.1 0.745075 1 424 649 646
 16.4 1.24056 1 476 507 647
 15.1 0.328182 1 490 370 648
 22.7 1.35505 2 347 220 649
 20.4 1.06155 2 496 1361 650
 19.1 1.05102 1 379 1516 651
 15.9 1.43733 1 219 1660 652
 15.4 1.59503 1 507 1802 653
 20 0 2 218 64 654
 17.3 0.149002 1 476 1159 655
 20.2 1.65171 1 513 1006 656
 17.3 1.52042 1 279 865 657
 18.5 1.09515 1 482 722 658
 21 1.48355 2 209 574 659
 15.5 1.06659 1 491 1005 660
 17.6 1.13604 1 279 1158 661
 15.3 1.72373 1 506 1304 662
 22.3 1.88542 2 347 1446 663
 15.3 1.45094 2 424 1591 664
 17.5 1.09323 1 501 1517 665
 16.7 1.47954 1 482 1362 666
 21.2 0.483064 2 370 1220 667
 16.4 1.03014 1 484 1076 668
 24.3 1.19806 2 480 927 669
 23 1.42917 2 87 648 670
 16.4 0.242518 1 306 804 671
 22.6 0 2 494 951 672
 12.8 0.256991 2 470 1098 673
 18.3 1.00489 1 427 1239 674
 22.2 1.79852 2 108 1717 676
 19.6 0.379798 2 76 1574 677
 17.3 1.27306 1 474 1422 678
 23.7 0 2 486 1274 679
 18.1 1.39645 1 500 296 680
 21 0.995966 2 408 447 681
 19.9 0.832846 2 494 596 682
 16.9 1.91974 1 493 745 683
 19.4 2.02313 1 491 887 684
 20.8 1.31033 2 509 338 685
 21.4 -0.0598381 2 503 192 686
 19.4 1.53093 2 278 42 687
 18 0.232277 2 218 1778 688
 16.8 0.881509 1 141 1627 689
 16.6 1.28924 1 471 1827 690
 23.6 1.45381 2 1 90 691
 18.5 1.31332 1 500 240 692
 21.1 1.19024 2 338 389 693
 16 0.747079 1 427 532 694
 20 0.440855 2 24 688 695
 19.4 1.37635 1 499 543 696
 17.9 0.150508 2 252 400 697
 23.7 0.985604 2 497 252 698
 21.5 0.891438 2 263 101 699
 23.4 9.6262e-05 2 504 453 700
 16.7 0.886698 1 230 602 701
 16.2 1.49842 1 506 751 702
 16.6 0 2 252 893 703
 12.9 0.341204 2 274 1037 704
 18 0.244503 2 108 186 705
 19 0 2 278 37 706
 18.3 0.972485 1 329 1772 707
 15.5 0.959395 1 306 1623 708
 22 0.719947 1 505 1481 709
 17.8 0.9992 2 76 97 710
 13.6 -0.0484577 1 130 247 711
 19 1.29458 2 503 394 712
 20.3 1.04926 2 127 537 713
 19.4 0.916697 1 513 683 714
 23.7 0.940317 2 8 536 715
 17.1 0.43819 2 9 393 716
 18.6 0.110799 1 12 246 717
 14.8 0.643183 1 63 96 718
 15.2 0.0926084 2 10 1833 719
 24.4 0.935821 2 43 1624 720
 13.3 0.688594 1 528 1773 721
 14.4 0.77957 1 14 38 722
 25.2 0.751973 2 51 187 723
 22.4 0.977842 2 510 332 724
 23.3 1.1786 2 31 892 725
 21.9 1.22724 2 39 750 726
 21.4 1.52526 2 45 601 727
 22.1 1.18177 2 517 452 728
 21.3 1.20119 2 17 301 729
 19.6 0.829664 1 3 1271 730
 18.9 0.880987 1 47 1417 731
 12.7 0.347664 1 528 1570 732
 19.9 0.375783 1 12 1713 733
 20.6 1.32717 1 64 1864 734
 22.4 0.584309 2 16 1244 735
 18.4 0.743877 1 526 1103 736
 16.2 1.20817 1 66 955 737
 22.3 0.846768 2 16 808 738
 22.8 1.21753 2 7 652 739
 18.5 1.10755 1 19 924 740
 15.4 0.912599 1 22 1072 741
 19.4 1.48616 1 29 1217 742
 14.2 0.47957 1 14 1358 743
 18.5 0.554394 1 20 1512 744
 25.6 1.22672 2 61 1596 745
 23.8 0.740317 2 10 1451 746
 20.9 0.418203 2 23 1308 747
 22.7 1.39149 2 18 1162 748
 17.9 0.837465 2 18 1009 749
 16.6 1.53932 1 27 572 750
 21.6 1.08111 2 529 718 751
 22.4 1.07858 2 530 862 752
 18.6 0.707565 1 48 1002 753
 17.2 1.55436 2 45 1154 754
 16.1 1.24775 1 28 69 755
 17.4 0.691919 1 519 1807 756
 22.5 0.773883 2 26 1664 757
 19.7 0.318773 2 510 1521 758
 20.8 -0.231827 2 38 1365 759
 22.5 0.910366 2 38 218 760
 20.9 1.05183 2 46 367 761
 23.3 1.29022 2 15 504 762
 17.7 1.82119 1 57 645 763
 19.4 0.527091 1 27 801 764
 17.6 1.34649 1 28 423 765
 19.3 0.477029 1 514 277 766
 21 1.44597 1 47 136 767
 19.5 1.10954 1 12 1873 768
 19.3 1.2693 1 56 1720 769
 19.3 1.77578 1 11 1747 770
 20.2 1.38618 1 58 14 771
 19.1 1.12456 2 529 158 772
 18.5 1.3972 1 66 293 773
 19.6 1.30634 1 527 444 774
 21.2 0 2 510 778 775
 24.3 1.115 2 8 629 776
 19.4 0.862848 1 48 483 777
 16.3 1.67441 1 65 341 778
 16.1 1.31723 1 519 1397 780
 17.7 1.05949 1 527 1551 781
 17.8 1.39655 2 45 1690 782
 24.1 1.13387 2 530 1825 783
 19.9 0.652419 2 30 88 784
 20.9 1.8012 2 46 1126 785
 19.6 0.808347 2 516 982 786
 23.7 1.29866 2 15 838 787
 24.5 1.56883 2 26 691 788
 21.3 0.35453 2 529 546 789
 21.4 1.15579 2 529 1051 790
 20.2 0.969332 1 5 1196 791
 26.4 1.0026 2 51 1337 792
 20.9 0.425893 1 36 1475 793
 21.3 1.26283 2 523 1616 794
 22.6 0.763661 2 43 1472 795
 18.7 1.15828 2 52 1334 796
 19.2 1.98476 1 21 1192 797
 21.2 0.754482 2 23 1045 798
 19.8 0.769332 1 6 901 799
 20.3 0.691382 1 513 1554 800
 17.7 0.788008 1 11 1693 801
 17.2 0.608828 1 49 1830 802
 23.3 1.47336 2 43 93 803
 18.1 1.40438 1 66 243 804
 23.4 1.33768 2 59 977 805
 22.4 1.08178 2 16 834 806
 18.9 1.30168 1 526 685 807
 20.1 1.03559 1 34 540 808
 18.9 1.45501 1 64 397 809
 21.8 1.71402 1 58 1200 810
 15.8 1.60165 1 50 1340 811
 24.1 0.974657 2 523 1478 812
 18.7 1.41471 1 518 1620 813
 21.7 0.912891 2 40 1769 814
 17.5 1.40234 1 514 1329 815
 19.8 1.51998 1 34 1186 816
 20.9 1.17652 1 36 1039 817
 18.4 2.09262 2 39 896 818
 17.5 0.762123 1 57 754 819
 23.1 0.766374 2 30 847 820
 16.7 1.03219 1 5 986 821
 18.2 1.15693 1 48 1130 822
 25.5 0.500064 2 26 1269 823
 20.1 1.60042 1 526 1414 824
 14.3 0.128938 1 14 1681 825
 11.9 0.257364 1 528 1542 826
 20.4 1.53619 2 515 1389 827
 20.6 1.64528 1 3 1246 828
 18.9 0.777858 2 9 1106 829
 17.2 1.30039 1 48 492 830
 23.2 1.28306 2 46 632 831
 22.7 0.477982 2 517 780 832
 19.8 1.27898 1 28 923 833
 17.9 0.759491 1 527 151 835
 18.7 1.33036 1 47 9 836
 17.3 0.697123 1 29 1743 837
 22.8 0.995461 2 531 1597 838
 22.9 0.612338 2 531 1453 839
 23 0.408411 2 525 145 840
 19.5 0.87654 1 64 280 841
 16.2 0.935991 1 33 426 842
 20 0.166186 2 45 571 843
 18.3 1.68742 1 28 716 844
 17.3 1.25099 1 519 497 845
 13.2 0.997 1 50 360 846
 21.8 0.813567 2 53 216 847
 22.5 1.18429 2 517 70 848
 19.4 0.59591 1 5 1808 849
 17.4 0.922576 2 10 1675 850
 16 0.896583 2 522 1811 851
 21.6 0.842101 2 515 72 852
 18.3 0.953684 1 56 217 853
 24.6 1.15328 2 30 365 854
 15.2 0.943167 1 33 853 855
 18 0.748496 1 49 707 856
 18.7 1.45508 2 39 568 857
 21.1 0.840178 2 531 424 858
 21.7 1.7344 2 7 278 859
 16 0.717234 1 520 1323 860
 18.8 1.10952 1 512 1461 861
 25.2 1.23256 2 23 1602 862
 16.2 0.599785 2 9 1746 863
 18.8 0.607718 2 62 13 864
 18.3 1.15944 1 22 1206 865
 21.6 0.828613 2 516 1060 866
 20.6 1.97895 2 51 920 867
 19.3 1.79466 1 36 779 868
 22.5 0.454546 2 31 630 869
 24.1 0.86885 2 52 972 870
 18.5 1.3707 2 39 1116 871
 16.2 0.829631 1 57 1254 872
 21.3 0.549277 2 517 1396 873
 16.8 1.15034 1 33 1550 874
 18.4 0.787471 1 6 1560 875
 18.1 0.425673 1 519 1405 876
 21.1 0.526486 2 515 1262 877
 21.5 1.23368 2 18 1127 878
 14.6 0.87957 1 14 983 879
 15.5 1.34383 1 19 619 880
 17.9 1.07193 2 510 766 881
 20.2 1.331 2 511 910 882
 25.2 1.06041 2 53 1049 883
 24.1 0.88576 2 530 1195 884
 19.5 0.56942 2 10 24 885
 19.8 1.05438 1 518 1757 886
 21.7 1.66804 1 54 1611 887
 17.1 1.25033 1 4 1473 888
 16.5 0.941889 1 5 1335 889
 25 1.43636 2 51 264 890
 19.6 1.67186 1 4 409 891
 22.3 0.955824 2 59 555 892
 17.9 1.64974 1 21 696 893
 21.3 0.521349 1 512 843 894
 17.2 1.5394 1 63 378 895
 24.3 1.52079 2 30 230 896
 18.9 0.62766 1 514 82 897
 18.8 1.44336 2 515 1822 898
 24.6 0.912461 2 511 1686 899
 19.3 1.23878 1 19 771 900
 21.4 1.07267 2 529 914 901
 20 1.07384 1 527 1053 902
 17.2 1.19318 1 518 1198 903
 24.3 1.33508 2 25 1338 904
 21.9 0.874657 2 524 1751 905
 15.5 0.74592 2 42 1606 906
 21.5 1.44087 2 43 1469 907
 16.7 0.781524 1 57 1332 908
 20.2 1.29014 1 12 1189 909
 17.8 1.55227 1 22 416 910
 18.9 0.682402 2 62 561 911
 19.7 1.07186 1 3 700 912
 20.5 1.00502 1 20 845 913
 17.5 0.537361 1 514 984 914
 20.8 0.962936 2 52 223 915
 20.5 1.08228 1 527 76 916
 20.1 0.715383 2 511 1819 917
 18.2 1.67055 1 29 1684 918
 15.1 0.894443 1 520 1545 919
 20 1.87906 1 64 59 920
 23.3 0.853268 2 530 207 921
 18.9 1.22118 1 28 352 922
 18.8 0.843275 1 513 490 923
 17.7 1.10561 1 5 631 924
 21.4 0.661738 2 62 579 925
 18.7 1.64257 1 20 431 926
 21.8 0.331138 2 516 286 927
 21.5 1.66817 2 40 152 928
 19.9 0 2 516 11 929
 14.6 0.145106 1 49 1587 930
 23.2 1.54858 2 51 1733 931
 22.9 1.31235 2 32 1884 932
 21.6 1.07777 1 6 143 933
 24 0.869436 2 40 279 934
 18.3 0.365373 1 47 932 935
 23.6 -0.0962404 2 523 787 936
 21.2 1.46351 2 7 638 937
 18.9 1.67589 2 42 499 938
 16.8 1.94836 1 41 362 939
 17.4 1.0575 1 5 1234 940
 17.2 1.71078 1 512 1378 941
 22.6 1.37651 1 3 1533 942
 15.5 0.0185284 1 49 1673 943
 14.8 1.4652 1 512 1810 944
 23.5 0.599387 2 8 1281 945
 19.5 1.59067 1 21 1139 946
 18.9 1.50558 1 54 992 947
 15.3 0.360689 1 520 855 948
 16.2 0.778307 1 14 709 949
 17.2 0.422487 1 5 882 950
 21 1.28946 1 526 1027 951
 19.7 0.964198 2 52 1177 952
 20.2 0.975213 1 58 1321 953
 21.4 0.957055 2 531 1459 954
 20.4 0.846092 2 529 1634 955
 14.4 0.445692 1 33 1490 956
 22.4 0.592903 2 52 1347 957
 20.2 1.5887 1 54 1208 958
 17.2 1.69003 1 63 1062 959
 19.7 0.812891 2 38 525 960
 19.2 1.6031 1 37 671 961
 14.5 0.751001 2 522 826 962
 16 0.696551 2 42 970 963
 14 0.102882 1 519 1114 964
 19 1.05692 1 22 109 965
 22.6 1.67658 2 509 1842 966
 18.7 0.938054 1 29 1700 967
 26.9 1.54099 2 26 1562 968
 24 1.63499 2 523 1407 969
 23.8 1.73634 2 23 176 970
 21.8 1.57715 2 45 319 971
 20.5 0.973948 2 32 469 972
 22.5 1.51754 2 40 616 973
 19.6 1.16017 1 12 764 974
 14.8 0.841164 1 14 462 975
 19.5 0.902465 2 42 309 976
 20.4 1.76676 1 28 169 977
 20.6 0.503711 2 17 25 978
 18.4 -0.192139 1 514 1758 979
 13.4 0.846401 1 528 1706 980
 18.9 0.97196 2 38 1850 981
 22.3 1.05187 2 524 116 982
 13.8 1.19829 1 528 261 983
 24 1.44929 2 15 407 984
 21.7 1.07787 2 38 820 985
 18.9 1.28366 2 62 662 986
 14.8 0.849017 1 29 518 987
 28.9 1.36639 2 61 379 988
 24.6 1.72079 2 32 231 989
 13.4 0.922348 1 528 1352 990
 18.4 1.04976 1 50 1498 991
 18.7 1.69392 1 12 1642 992
 22.3 1.24212 2 16 1788 993
 23.7 1.3974 2 15 50 994
 22.4 0.843519 2 23 1173 995
 21.1 1.0694 2 511 1019 996
 19.1 1.88033 1 65 875 997
 21.9 1.47855 2 52 733 998
 20.1 1.61161 2 7 586 999
 19.1 1.0901 2 39 915 1000
 19.5 1.14595 2 525 684 1001
 26.4 1.61701 2 30 1408 1002
 12.3 0.918373 1 11 1637 1003
 14.9 1.69899 1 41 1375 1004
 17.5 0.899664 1 54 717 1005
 25.3 1.20011 2 530 944 1006
 23.1 0.632464 2 525 196 1007
 16.1 0.823009 1 512 1843 1008
 21.9 0.767481 2 524 250 1009
 19.6 1.41805 2 516 1055 1010
 18.6 1.3932 1 19 833 1011
 20.3 0.877169 1 518 1264 1012
 20.2 2.0647 1 37 1493 1013
 19.1 0.715343 1 65 1531 1014
 15.9 1.50091 1 27 798 1016
 24 1.32079 2 30 342 1017
 19.9 1.24336 2 516 110 1018
 23 1.39521 2 331 100 1019
 17.6 1.21534 1 66 162 1020
 25.5 1.29497 2 217 976 1021
 19.3 1.6394 1 66 1128 1022
 25.5 1.1045 2 310 1349 1023
 25.5 1.51669 2 247 1672 1024
 13.4 0.414618 1 73 1438 1025
 18.5 1.58722 1 337 644 1026
 25.1 1.54095 2 216 880 1027
 20.9 1.06004 1 330 257 1028
 23.4 1.68617 2 324 18 1030
 23 0.737685 2 60 1120 1031
 18.6 1.29914 1 82 894 1032
 21.1 1.2505 1 71 1209 1033
 23.7 1.24754 2 223 1809 1034
 22.3 0.871109 2 247 1584 1035
 21.6 0.37958 2 311 503 1036
 19 -0.677253 2 75 739 1037
 16 0.435421 1 80 403 1038
 23.1 0.609547 2 309 170 1039
 21.7 1.66295 2 84 1750 1040
 21.8 1.22518 1 71 1257 1041
 18.7 1.30386 1 222 1038 1042
 17.8 1.68951 1 222 1063 1043
 17.3 1.02326 1 222 1284 1044
 18.2 0.881307 1 336 1729 1045
 19.2 1.42076 2 85 366 1046
 24.7 1.4294 2 223 590 1047
 17.3 1.17583 1 226 548 1048
 19.3 -0.216336 2 60 310 1049
 22.5 1.14481 2 86 1605 1050
 17 0.336235 2 75 1832 1051
 18.7 1.34014 1 220 1185 1052
 20.2 1.16228 2 69 922 1053
 19.7 0.63663 2 251 1141 1054
 16.6 0.257206 1 250 1882 1055
 23.1 1.36043 2 85 1649 1056
 22 1.3935 2 67 441 1057
 23.1 0.750727 2 85 692 1058
 21.5 1.64966 1 312 463 1059
 21.7 1.27308 2 326 1466 1060
 26.7 1.2271 2 325 1694 1061
 27.9 1.30088 2 215 1328 1062
 26.3 1.65152 2 217 1104 1063
 21.5 1.25133 2 225 994 1064
 19.3 1.09542 1 221 142 1065
 25.9 0.716499 2 214 1793 1066
 21.7 1.4471 2 332 292 1067
 25.8 1.03464 2 216 523 1068
 16.6 0.314757 1 80 611 1069
 17.7 1.38359 1 221 552 1070
 20 0.543766 1 337 1555 1071
 19.9 0.842889 2 225 1465 1072
 14.8 0.90367 1 226 1245 1073
 17.7 0.60405 1 250 856 1074
 21.3 0.73663 2 251 1082 1075
 24.7 0.263567 2 310 54 1076
 15.4 0.465227 2 308 157 1077
 16.6 1.01501 1 249 384 1078
 22.5 0.716311 2 225 760 1079
 19.3 1.3944 1 337 1400 1081
 21.1 1.16782 1 337 1622 1082
 22.5 0.202371 2 308 1388 1083
 21.3 0.861013 2 69 710 1084
 18.4 1.7796 1 71 935 1085
 15.4 0.967913 1 81 203 1086
 17.5 0.54629 1 336 1857 1087
 16.6 0.698845 1 327 235 1088
 21.1 0.493505 2 69 903 1089
 18.4 1.32881 1 327 842 1090
 21.1 0.829923 2 77 1258 1091
 20.7 1.1581 1 312 1480 1092
 26 0.771818 2 325 1541 1093
 19.4 1.49079 2 84 1309 1094
 26.5 0.999622 2 214 789 1095
 17.7 1.0378 1 249 349 1096
 22.3 0.96314 2 67 85 1098
 23.4 1.28507 2 69 317 1099
 20.5 1.00097 1 327 562 1100
 22.9 0.284199 2 247 333 1101
 15.6 1.3004 1 82 1760 1102
 17.4 0.850499 1 73 111 1103
 25.5 1.10136 2 86 1023 1104
 25 0.24355 2 86 1071 1105
 20.4 0.995368 2 217 1297 1106
 19.4 1.26931 1 89 1722 1107
 16.3 0.767977 1 222 1491 1108
 18.4 1.16383 1 327 606 1109
 20.5 1.14806 2 79 702 1110
 18 1.11083 1 72 479 1111
 19.3 0.784341 2 77 1612 1112
 25 1.33637 2 83 1845 1113
 21.8 1.96295 2 84 1175 1114
 20.9 1.81593 1 335 943 1115
 18.3 1.51127 1 336 1151 1116
 18 0.11252 1 313 1874 1117
 15.9 0.749049 1 91 1635 1118
 17.8 1.7004 1 82 457 1119
 24.2 0.939087 2 68 509 1120
 12.1 0.75996 2 86 624 1121
 19.4 1.38847 1 312 1474 1122
 22.7 1.53895 2 60 1702 1123
 18.3 1.37708 1 72 1320 1124
 24.5 1.69269 2 334 1091 1125
 21.2 1.2682 2 225 1001 1126
 18.6 1.22965 1 90 1232 1127
 19.7 0.397944 1 220 1783 1128
 20.7 1.47791 2 223 304 1129
 23.7 0.501108 2 311 371 1130
 16.8 0.330628 1 249 772 1131
 17.6 1.03809 1 88 538 1132
 19.1 0.762876 2 217 1563 1133
 19.1 0.761462 1 71 1458 1134
 17.1 0.236574 1 313 1231 1135
 19.4 1.76293 1 221 861 1136
 27.2 1.17431 2 215 1092 1137
 20.8 0.281519 2 324 45 1138
 19.2 0.652188 1 313 1701 1139
 15.8 0.734222 1 222 222 1140
 22.6 1.56566 2 67 917 1141
 17.1 1.3634 1 90 689 1142
 17.6 0.412489 1 248 1410 1143
 23.1 1.18672 2 247 1641 1144
 18.3 0.16312 1 250 721 1146
 18.9 0.864641 2 324 949 1147
 20.9 0.191872 1 337 1848 1149
 18.4 0.99788 1 81 75 1150
 18.2 1.28425 1 73 300 1151
 26.2 1.39292 2 86 837 1152
 18.3 0.588467 1 312 1266 1153
 18.8 1.87775 1 89 1497 1154
 22.7 1.05302 2 334 1535 1155
 17 0.944585 1 73 1294 1156
 22.5 0.513632 2 60 803 1157
 17.3 0.76312 1 249 114 1159
 22.2 1.18343 1 335 1816 1160
 23.9 0.732843 2 251 165 1161
 23.7 1.83554 2 326 980 1162
 17.6 1.44629 1 335 752 1163
 28.2 0.0888986 2 333 1351 1164
 19.1 0.450926 1 313 1674 1165
 24.2 0.491407 2 309 1444 1166
 25.5 0.954941 2 325 647 1167
 16.9 0.566489 2 308 902 1168
 15.8 0.323056 1 72 260 1169
 21 1.37915 2 70 199 1170
 15.8 1.01529 1 88 21 1171
 20.8 0.260288 2 79 1124 1172
 17.9 1.26665 1 82 899 1173
 19.1 1.54014 1 221 1211 1174
 16.9 0.823452 1 250 1429 1175
 24.7 1.11058 2 215 1589 1176
 19.3 1.85894 1 72 506 1177
 20.9 -0.0734662 2 78 744 1178
 24.9 1.38653 2 214 406 1179
 16.2 0.239348 1 88 346 1180
 26.1 0.928724 2 214 1754 1181
 21.2 1.30491 2 331 95 1182
 21.5 0.97538 2 225 1042 1183
 22.7 1.14554 2 79 1065 1184
 17.9 0.842009 2 70 1288 1185
 21.9 1.8374 2 331 1736 1186
 17.8 1.73023 1 74 1505 1187
 17.5 0.191517 2 75 595 1188
 17.6 0.140073 1 81 553 1189
 17.1 0.522189 1 249 487 1190
 18.3 1.43887 1 221 1609 1191
 25.8 0.438252 2 310 1835 1192
 19.8 1.82689 1 336 1190 1193
 23.2 1.28939 2 253 956 1194
 22.2 1.34274 1 89 1144 1195
 22.6 0.356501 2 79 2 1196
 20.4 1.45704 2 84 1656 1197
 20.9 0.487591 2 69 446 1198
 25.1 0 2 333 669 1199
 22.4 0.655964 2 68 209 1200
 17.8 0.736823 1 88 1865 1201
 23.8 1.20702 2 309 464 1203
 15.7 1.24392 1 220 667 1204
 25 -0.0916997 2 332 1416 1205
 23.6 1.89549 2 60 1652 1206
 22.9 1.85451 2 83 1140 1208
 22 0.556203 2 326 960 1209
 19.8 1.3602 1 74 353 1210
 24.4 0.609547 2 309 128 1211
 26.6 1.39587 2 325 83 1212
 19.4 0.477472 1 248 313 1213
 21.3 0.534862 2 311 823 1214
 23.8 1.79158 2 216 589 1215
 24.2 1.31149 2 326 1508 1216
 20.9 1.38619 1 90 1522 1217
 25.1 1.58677 2 334 1282 1218
 17.2 1.2907 1 80 812 1219
 21.9 1.42852 2 69 866 1220
 18.6 1.83364 1 226 271 1221
 22.8 1.32275 2 78 1824 1222
 27.4 1.00052 2 325 172 1223
 16.3 -0.14997 1 250 968 1224
 17.5 0.478735 1 248 737 1225
 23.1 0.864939 2 79 1357 1226
 19 1.23097 1 97 1585 1227
 26.1 1.84555 2 110 1427 1228
 19.1 0.291412 1 168 655 1229
 21.9 1.14289 2 102 724 1230
 29.3 1.44346 2 340 417 1231
 24.5 1.07126 2 290 188 1232
 20.5 0.958242 1 320 27 1233
 19.1 1.67908 1 96 1112 1234
 17.6 0.176795 1 346 878 1235
 26.6 0.382416 2 267 1216 1236
 16.3 1.24427 1 291 1440 1237
 24.4 2.14289 2 100 1577 1238
 15.6 -0.034861 1 304 1348 1239
 26.9 1.13429 2 237 577 1240
 26.3 1.51601 2 342 566 1241
 28 1.16805 2 354 339 1242
 17.2 0.598861 1 243 1762 1243
 23.9 0.893916 2 282 115 1244
 21.2 0.344547 2 283 1030 1245
 16.3 1.2267 1 242 1075 1246
 16.5 1.84194 1 99 1302 1247
 21.9 0.928537 2 106 1726 1248
 23.8 1.20885 2 259 1496 1249
 22.1 1.06467 2 270 429 1250
 18 -0.0653979 1 344 651 1251
 19.9 1.15739 1 345 482 1252
 16.8 0.582016 1 304 1614 1253
 19.2 0.735897 1 298 1849 1254
 17.8 0.872315 1 304 1179 1255
 21.8 0.857779 2 107 948 1256
 18.4 1.17679 1 344 1157 1257
 17.9 0 1 292 1879 1258
 20.2 1.18674 2 283 1640 1259
 17.8 1.02254 1 99 285 1260
 26.7 0.489592 2 267 513 1261
 15.4 0.694902 1 291 627 1262
 19.6 1.10478 1 240 395 1263
 20 0.769467 2 101 1705 1264
 23.8 1.15624 2 268 1322 1265
 23.1 0.541362 2 297 1096 1266
 18.7 1.24668 2 103 1004 1267
 18.5 0.951777 1 105 1252 1268
 23.6 0.323174 2 318 1787 1269
 19 0.780722 1 244 1725 1270
 18.8 -0.283537 1 343 375 1271
 20.5 1.12461 2 95 776 1272
 20.4 0.769775 1 275 544 1273
 19.3 0.916172 2 94 1565 1274
 13 0.932492 1 265 1784 1275
 19.5 0.716568 2 270 1237 1276
 19.3 1.12428 2 281 864 1277
 22.2 1.27311 2 268 1097 1278
 18.2 1.28075 1 303 49 1279
 22.6 1.12826 2 260 1878 1280
 18.4 0.743057 1 266 226 1281
 19.5 1.19241 1 235 451 1282
 21.6 1.08999 2 269 693 1283
 17.6 0.735897 1 299 1381 1286
 25 0.779719 2 315 1149 1287
 21.7 0.511379 2 261 962 1288
 21.4 1.32821 2 289 200 1289
 23.5 0.397182 2 302 140 1290
 16 0.338687 1 104 79 1291
 24.4 0.605003 2 253 305 1292
 22 1.00168 2 260 839 1293
 16.7 1.3238 1 97 603 1294
 16 0.786464 1 291 1504 1295
 23.5 1.02827 2 294 1537 1296
 22.3 0.878301 2 281 1301 1297
 24.2 1.23158 2 254 813 1298
 21.4 1.06657 1 374 1025 1299
 20.8 1.24385 2 229 1735 1300
 16.2 1.42025 1 234 1513 1301
 25 0.823142 2 254 588 1302
 19.8 0.624594 2 184 821 1303
 22.5 0.975084 2 232 315 1304
 23.5 0.197843 2 288 1771 1305
 22.7 1.40909 2 364 126 1306
 22.5 0.683867 2 201 1011 1307
 21.3 0.647072 2 282 788 1308
 17.4 0.891131 1 321 1313 1309
 17.9 1.19244 1 299 1 1310
 20.6 1.3668 2 92 1655 1311
 20 0.968496 1 361 439 1312
 22.9 1.30688 2 301 665 1313
 16.3 0.820218 1 291 466 1314
 22.4 1.61136 2 339 234 1315
 18.1 1.0141 1 96 1862 1316
 19.3 0.830107 1 275 1163 1317
 17.4 0.598877 1 272 933 1318
 23.7 1.14261 2 259 1166 1319
 18.2 0.878058 1 235 1221 1320
 19 0.53203 1 257 1799 1321
 22.7 1.1478 2 269 291 1322
 18.6 1.49722 1 97 520 1323
 15 0.804619 1 319 614 1324
 16.2 0.064398 1 286 382 1325
 21.8 1.09001 2 301 1712 1326
 19.8 0.855704 1 116 57 1327
 15.2 1.26987 1 366 1080 1328
 18.1 0.776811 1 265 1013 1329
 19.5 0 1 292 1078 1330
 27.2 0.984496 2 118 61 1331
 20.1 1.18887 2 100 1714 1332
 17.9 1.24178 1 344 381 1333
 17.4 0.365904 2 323 762 1334
 18.2 1.01575 1 273 521 1335
 18.1 1.03011 1 271 1569 1336
 21.7 0.762026 2 296 1796 1337
 21.4 0.976644 2 106 1223 1338
 20.5 0.697358 1 228 993 1339
 17.5 0.415326 1 158 930 1340
 22.4 1.14655 2 301 212 1341
 20.6 1.31984 1 322 1870 1342
 19.9 1.74659 1 96 468 1344
 15.9 0.676795 1 343 674 1345
 18.2 1.2567 1 307 1421 1346
 16.6 0.472836 1 285 1658 1347
 15.4 0.339098 1 313 1367 1348
 19.1 1.10804 1 266 785 1350
 26.9 1.45696 2 262 1008 1351
 24 1.15821 2 339 134 1352
 20.2 1.67329 2 173 86 1353
 22 1.15653 2 148 318 1354
 20.9 0.747369 2 155 828 1355
 16.9 0.52392 1 195 594 1356
 18.4 0.675516 1 322 1515 1357
 20.8 0.573947 2 156 1529 1358
 20.9 1.66165 1 179 1287 1359
 19.6 0 1 173 637 1360
 18.7 1.12726 2 193 871 1361
 21.6 1.10787 2 224 275 1362
 16.9 0.960167 1 135 39 1363
 25.4 0.876783 2 111 175 1364
 16.7 0.892947 1 244 971 1365
 18.3 1.08745 1 91 743 1366
 27.6 0.905207 2 267 1360 1367
 22.3 1.09027 2 107 1599 1368
 20.8 0.675381 2 101 1432 1369
 19.1 1.45668 1 273 1372 1370
 20.8 0.754248 2 283 729 1371
 18.8 1.00462 1 321 421 1372
 17.6 0.958639 1 319 193 1373
 28.4 1.28439 2 340 30 1374
 20.7 1.21264 2 259 258 1375
 19.2 0.834635 1 298 885 1376
 25.7 1.40508 2 296 1219 1377
 17.5 -0.106328 1 345 1445 1378
 14.4 0.953972 1 293 1580 1379
 20.8 0.906867 2 270 1528 1380
 18.4 0.665784 1 258 582 1381
 17.6 1.28777 1 264 807 1382
 23.2 0.402339 2 247 343 1383
 17.9 1.02615 1 319 1766 1384
 25.2 1.0959 2 268 122 1385
 21.3 0.488762 1 361 1034 1386
 18.3 0.124177 1 240 796 1387
 16.4 1.34839 1 105 1315 1388
 17.6 0.958639 1 321 1727 1389
 19.2 1.15414 1 242 1670 1390
 22.9 -0.0209893 2 238 434 1391
 22.7 1.39786 2 316 656 1392
 23.6 1.38901 2 107 484 1393
 22.8 0.578425 2 253 248 1394
 18.6 0.851496 1 265 1856 1395
 25.9 0.292117 2 267 1182 1396
 22.5 1.85032 2 268 953 1397
 24.1 0.878425 2 253 1167 1398
 23.6 1.24579 2 245 1376 1399
 17.5 1.16512 1 275 1380 1400
 21.5 0.889717 2 193 1155 1401
 17.8 1.00236 1 135 942 1402
 19.7 1.14385 2 231 1174 1403
 20 -0.0330096 2 201 1847 1404
 23.7 1.49925 2 121 245 1405
 18.8 1.14531 1 190 477 1406
 15.6 1.06793 1 115 653 1407
 18.1 1.46471 1 189 432 1408
 26.8 1.31248 2 134 1667 1409
 20.9 1.69717 1 124 1534 1410
 21.5 1.30308 1 122 1300 1411
 20.1 0 1 173 795 1412
 23.5 0.571642 2 198 1022 1413
 20.5 0.880586 2 149 113 1414
 18 -0.341256 2 239 1761 1415
 16.3 0.166977 1 197 330 1416
 19.2 1.05053 1 145 809 1417
 16.2 0.994017 1 205 580 1418
 26.5 1.09409 2 340 1525 1419
 18.7 1.10711 1 204 1575 1420
 19.2 1.41671 1 137 1443 1421
 19 0.7152 1 346 643 1422
 20.7 1.03019 2 281 877 1423
 25.1 1.57216 2 177 259 1424
 18.6 1.24982 1 180 28 1425
 26.5 1.50969 2 316 185 1426
 17.8 0.953435 1 285 414 1427
 18.2 0.411695 1 195 726 1428
 26.6 1.91224 2 375 1369 1429
 22.5 1.15822 2 260 1425 1430
 24 0 2 341 1588 1431
 26.9 0.96412 2 342 1359 1432
 15.1 0.50268 1 304 736 1433
 21.4 1.44866 2 95 405 1434
 17.3 0.971574 1 286 173 1435
 19.9 1.28466 1 286 36 1436
 26.2 1.915 2 134 269 1437
 21.3 1.23408 1 374 869 1438
 19.1 0.500848 1 345 639 1439
 18.8 1.34989 2 155 1279 1440
 22.1 0.727291 2 139 1739 1441
 22.2 0.634451 2 100 1518 1442
 20.8 1.18996 2 323 825 1444
 16 0.342332 1 271 322 1445
 19.9 0.601629 2 289 1777 1446
 18 1.6446 1 105 131 1447
 19.5 1.00998 1 287 1017 1448
 19.9 1.34866 2 94 792 1449
 19.6 0.707008 2 106 1137 1450
 20.4 0.147692 1 345 1364 1451
 17.2 1.46637 1 242 1661 1452
 18.5 1.85739 1 346 442 1453
 26.6 1.57737 2 93 670 1454
 18.2 0.735897 1 299 471 1455
 23.5 0.862117 2 323 238 1456
 21.1 0.998444 2 301 1868 1457
 14.9 0.965265 1 104 1170 1458
 24.9 1.08745 2 237 939 1459
 24 0.988743 2 302 1225 1461
 18.8 1.58202 1 305 1803 1462
 25.2 1.15698 2 296 1571 1463
 18.6 1.18971 1 286 524 1464
 20.1 0.881156 2 95 617 1465
 18.2 0.831062 2 103 388 1466
 19.5 0.600865 1 266 1715 1467
 22.4 1.63896 2 93 71 1468
 23.3 0.0958877 2 238 1086 1469
 23.5 1.18098 2 318 1016 1470
 25.4 0.948505 2 341 1083 1471
 25.5 0.234293 2 238 65 1472
 16.8 0 1 99 1718 1473
 21.6 0.656236 2 270 385 1474
 23.3 1.27904 2 301 612 1475
 27 0.51994 2 354 528 1476
 19.8 1.01206 2 282 1573 1477
 19.7 0.968389 1 298 1801 1478
 20.6 0.907471 1 314 1228 1479
 17.4 1.35755 1 96 1169 1480
 18.2 1.27127 2 110 936 1481
 13.5 -0.136446 2 101 1161 1482
 23.7 1.35821 2 341 1875 1483
 20.2 0.870467 1 322 233 1484
 20.1 0.77946 1 240 474 1485
 20.4 1.03571 2 101 680 1486
 24.4 0.265335 2 254 440 1487
 20.3 1.54441 2 269 1669 1488
 21.5 0.177641 2 297 1373 1489
 17.4 0 1 292 1316 1490
 19.3 1.49113 1 319 790 1491
 16.9 0.703389 1 266 1014 1492
 25.7 1.21745 2 302 137 1493
 18.9 0.576811 1 266 1774 1494
 17.7 1.30733 1 305 326 1495
 18 0.795232 1 104 831 1496
 17.5 0.452344 1 343 598 1497
 23.5 1.49516 2 245 1526 1498
 18.4 1.06739 1 105 1731 1499
 17.8 0.400434 1 320 1029 1500
 18.2 1.27711 1 145 802 1501
 20.9 0.731112 1 228 1291 1502
 18.8 0.334434 2 193 1530 1503
 24 1.09783 2 254 1495 1504
 21.2 1.89086 2 94 600 1505
 26.9 1.69533 2 315 832 1506
 12.2 0.294902 1 293 302 1507
 24 0.0265315 2 253 77 1508
 14.9 0.0458305 1 168 138 1509
 19.7 0.349581 2 246 1178 1510
 16.6 0.283923 1 258 947 1511
 22.3 1.74023 2 95 1147 1512
 18.5 0.29084 2 186 1374 1513
 22.8 1.02729 2 143 1639 1514
 19.8 0.979877 2 183 1409 1515
 18.8 1.12126 1 190 682 1516
 18 1.68202 1 305 454 1517
 20.2 1.13927 1 266 224 1518
 24.2 1.01346 2 290 1876 1519
 26.3 1.73808 2 355 43 1520
 18.3 0.64107 1 272 1095 1521
 17.9 -0.0717254 1 320 999 1522
 16.5 1.39848 1 97 1230 1523
 18.6 -0.00732525 1 166 1786 1524
 18.9 1.59004 1 99 1564 1525
 18.5 0.17007 1 320 535 1526
 15.2 0.928688 1 343 770 1527
 18.6 0.893921 1 136 372 1528
 23.6 1.65297 2 245 1723 1529
 20.8 1.42821 2 289 1781 1530
 21.1 0.589265 2 281 1236 1531
 16.2 -0.0589301 1 271 1003 1532
 13.7 0.520218 1 293 1090 1533
 27 0.592809 2 318 48 1534
 15.5 1.00465 1 265 1703 1535
 16.7 1.49621 1 264 392 1536
 23.5 1.07762 2 262 623 1537
 17.2 0.218434 1 313 287 1539
 17.2 1.84626 1 285 1632 1540
 24.2 1.5004 2 341 1384 1541
 23.2 0.940051 2 315 1160 1542
 17.9 1.23656 1 287 945 1543
 23.9 1.68926 2 282 1176 1544
 24 0.18349 2 288 1852 1545
 19.1 1.16134 1 275 251 1546
 19.7 1.08984 1 255 480 1547
 16.7 -0.0712228 2 239 660 1548
 25.9 1.0447 2 316 436 1549
 19.6 1.30481 1 305 1488 1550
 21.6 1.13737 2 282 1719 1551
 21.4 1.05425 2 281 1305 1552
 28.7 0.300538 2 354 799 1553
 22.2 0.804326 2 238 1026 1554
 20.5 0.599675 2 239 118 1555
 19 0.397599 1 240 1765 1556
 24.1 1.03158 2 253 336 1557
 17.5 0.532615 1 243 816 1558
 19.8 1.4298 2 106 585 1559
 19.3 1.39044 1 273 1346 1560
 17.9 1.02419 1 272 1578 1561
 26.3 1.8115 2 237 1447 1562
 21 0.389249 2 246 1218 1563
 28 1.44724 2 340 881 1564
 25 1.1472 2 254 262 1565
 21.7 1.22639 2 246 33 1566
 17.1 0.549201 2 103 190 1567
 19.2 1.26132 1 358 425 1568
 19.1 1.41642 1 257 732 1569
 18.8 1.00481 1 303 659 1570
 27 1.16032 2 315 1430 1571
 26.8 0.538805 2 342 1592 1572
 18.3 1.28878 1 97 1363 1573
 19.2 1.43588 1 264 740 1574
 19.8 1.41617 2 94 966 1575
 16.6 1.15989 1 291 179 1576
 18.7 0.623639 1 346 41 1577
 18.2 2.17932 1 236 273 1578
 19.4 0.740918 2 147 815 1580
 15.5 0.207597 1 114 1285 1581
 24.2 1.08384 2 142 1520 1582
 25.2 1.76742 2 426 1524 1583
 18.4 0.93893 2 156 591 1584
 25.4 1.32078 2 118 830 1585
 24.4 0.997984 2 118 328 1586
 16.9 0.877047 1 365 84 1587
 20.7 1.21937 2 110 139 1588
 25.1 0.121896 2 290 1020 1589
 26 1.82712 2 355 963 1590
 20.7 0.233236 2 199 1142 1591
 16 0.917883 1 96 1370 1592
 15.3 0.382834 1 160 1666 1593
 25.5 1.44284 2 133 1418 1594
 24.8 0.487037 2 154 678 1595
 26.2 0.525855 2 238 475 1596
 24.7 1.1316 2 288 242 1597
 22.4 0.723367 1 157 1877 1598
 21 0.922329 1 256 205 1599
 28.3 -0.144179 2 353 673 1600
 17.4 1.06964 1 265 445 1601
 24.8 1.61095 2 316 1646 1602
 18.6 1.30154 1 286 1881 1603
 29.5 1.77467 2 316 1143 1604
 17.1 1.5193 1 145 954 1605
 22.8 0.748755 2 132 1184 1606
 19.6 1.34574 1 305 1834 1607
 17.6 1.219 1 264 1607 1608
 20.7 1.61545 1 137 485 1609
 20.7 1.39507 1 360 827 1610
 22.6 1.71365 2 95 593 1611
 17.7 1.55173 1 138 1502 1612
 18.6 1.07455 1 195 1728 1613
 18.6 -0.00236918 1 307 1286 1614
 20.9 1.12532 2 176 1064 1615
 19.4 1.18823 1 179 1036 1616
 16.6 0.419978 1 160 98 1617
 25 1.51603 2 262 1752 1618
 18.6 0.910894 1 202 344 1619
 20.5 1.09226 1 365 401 1620
 18.1 0.845951 2 110 742 1621
 15.7 1.02615 1 321 1354 1622
 21 0.760732 2 232 1582 1623
 23.5 1.18871 2 356 1431 1624
 19.4 0.521256 1 190 1210 1625
 20.6 2.08296 1 367 891 1626
 23.7 0.765632 2 132 1119 1627
 20 0.967424 1 173 19 1628
 18 0.569932 1 146 197 1629
 19.2 0.34318 1 358 884 1631
 18.9 0.628636 1 204 646 1632
 22.5 0.207825 2 133 1436 1633
 19.8 0.286224 1 158 1579 1634
 16.5 0.979585 1 166 1350 1635
 20.2 0.973008 1 345 749 1636
 22 0.812353 2 155 975 1637
 21.6 0.997782 2 426 163 1638
 16 1.2166 1 189 1820 1639
 16.8 1.06343 1 160 106 1640
 16.4 0.79857 2 103 1033 1641
 17 0.947141 1 144 806 1642
 18.1 0.407043 1 194 1298 1643
 18.3 1.43492 1 144 1500 1645
 18.8 1.58033 1 189 607 1646
 19.1 0.742487 1 418 835 1647
 20.4 1.34252 1 374 307 1648
 21.3 0.265648 2 161 81 1649
 21.4 1.20716 2 148 1840 1650
 20.1 0.246724 2 201 194 1651
 19.1 0.79886 1 357 952 1652
 18.9 0.907717 2 186 1152 1653
 18.5 1.24208 1 227 1377 1654
 22.8 1.6695 2 169 1644 1655
 15.7 0.746828 1 233 1412 1656
 21 0.286392 2 200 686 1657
 17.7 1.55698 1 150 460 1658
 19.8 0.863653 1 203 229 1659
 17.3 1.34906 1 124 1699 1660
 15.9 0.643041 1 233 47 1661
 20.2 0.421409 2 198 1099 1662
 21.4 0.774359 2 239 863 1663
 22.5 0.732479 2 148 1233 1664
 13.2 0.160164 2 103 1789 1665
 20.3 1.39465 1 123 1567 1666
 12.6 0.487707 2 229 541 1667
 25.2 -0.321182 2 201 773 1668
 17.9 1.21126 1 314 1785 1671
 21.5 1.33027 2 430 1240 1672
 22.6 0.53671 2 297 1007 1673
 21.3 0.992242 2 192 1093 1674
 16.6 2.51925 1 168 1319 1675
 17.8 1.01999 1 187 1708 1676
 24.4 0.979308 2 112 399 1677
 24.3 1.34875 2 134 625 1678
 17.8 0.587486 1 160 511 1679
 18.2 1.18198 1 358 459 1680
 19.2 0.2539 2 200 1638 1681
 20.3 0.48053 1 202 1872 1682
 21.9 0.58999 2 269 1165 1683
 23.2 1.54808 2 107 950 1684
 20.1 -0.828302 1 255 1181 1685
 16.5 0.845863 1 104 1859 1686
 17.7 0.982016 1 307 1613 1687
 20.2 0.208426 2 148 486 1688
 19.6 0.842702 2 121 663 1689
 25.6 0.886484 2 111 609 1690
 19.8 0.967127 1 300 1494 1691
 15.7 0.437095 1 293 1724 1692
 19.1 0.464848 2 170 1311 1693
 16.8 0.700421 1 116 1073 1694
 22.5 0.488952 1 172 1032 1695
 21.4 1.4539 1 228 123 1696
 19.9 1.82122 1 124 1768 1697
 16.4 1.0349 1 226 345 1698
 17 0.751744 1 168 559 1699
 20.7 0.305192 2 184 321 1700
 24.1 1.54682 2 111 89 1701
 18.4 1.45056 1 203 120 1702
 24.7 1.01505 2 102 348 1703
 23.2 1.11797 2 282 791 1704
 17.7 0.850619 2 149 1307 1705
 19 1.17438 1 124 1539 1706
 18.5 0.691148 1 233 1482 1707
 18.7 1.40236 1 135 1259 1708
 23.6 0.79652 2 429 840 1709
 19.4 1.74081 1 227 470 1710
 18.9 1.33656 1 287 237 1711
 17.2 0.586528 1 298 1854 1712
 27.7 1.01183 2 177 202 1713
 23.5 -0.587647 2 156 938 1714
 18.8 1.25404 1 300 711 1715
 26.2 1.04133 2 342 1387 1716
 17.6 1.54462 1 145 1625 1717
 19.4 0.805658 1 96 1401 1718
 17.2 0.718295 1 304 694 1719
 19.2 0.460231 1 146 759 1720
 20.4 1.30575 1 366 387 1721
 24 1.74284 2 134 1709 1722
 22.8 1.36098 2 133 52 1723
 19.7 0.303826 1 153 1085 1724
 18.2 1.10896 2 155 857 1725
 20 1.10635 1 153 1243 1726
 18.1 1.33938 1 159 1464 1727
 21.2 0.791549 2 148 1556 1728
 20.6 1.11263 2 229 549 1729
 19.9 1.34249 1 418 610 1730
 17.4 0.762756 1 146 527 1731
 18.7 0.842124 1 203 294 1732
 23.8 1.01885 2 142 1791 1733
 16.4 0.286188 2 186 1227 1734
 23.5 0.751344 2 143 995 1735
 20.4 -0.463008 2 143 1102 1736
 14.2 0.656858 1 175 1327 1737
 14.8 0.0251665 1 167 1695 1738
 19.8 1.07335 1 202 1470 1739
 27.4 1.915 2 364 461 1740
 19.6 0.340209 2 184 679 1741
 20.8 1.29926 2 155 449 1742
 22.9 0.588174 2 232 1653 1743
 22.7 1.42013 2 171 1883 1744
 23.8 0.869483 2 140 1145 1745
 24 1.15307 2 430 961 1746
 20 0.812213 2 147 1187 1747
 19.2 1.28428 1 145 1838 1748
 20.6 1.18764 2 169 1610 1749
 24.1 0.41759 2 139 308 1750
 19.9 0.345449 1 194 545 1751
 18 1.15107 1 153 597 1752
 28.3 1.45276 2 177 1509 1753
 19.7 0.511676 2 143 1732 1754
 17 1.34716 1 175 1289 1755
 17.2 1.48481 1 113 1066 1756
 20.4 0.540918 2 149 1040 1757
 18.1 0.300541 2 186 104 1758
 15.3 1.45302 1 197 1756 1759
 17.2 0.945879 1 144 168 1760
 29.3 1.33765 2 118 404 1761
 23.7 0.181327 2 171 746 1762
 21.1 0.79475 2 161 505 1763
 22.4 1.05705 2 121 1586 1764
 16 1.15753 1 188 1434 1765
 22.9 1.09943 2 224 1212 1766
 27.5 1.23555 2 356 897 1767
 17 0.996937 1 373 1121 1768
 26.5 1.37057 2 356 23 1769
 20.3 0.917386 2 121 1837 1770
 24 1.83573 2 142 254 1771
 18.4 0.881588 1 190 888 1772
 17.5 0.834603 1 234 650 1773
 18.6 0.808276 1 366 1441 1774
 24.8 1.05973 2 161 1671 1775
 18.2 -0.0409991 1 205 1353 1776
 24.2 1.41805 2 426 755 1777
 17 0.344705 2 149 978 1778
 23.4 1.39925 2 119 167 1779
 25.3 0.803393 2 178 103 1780
 15.7 0.82703 1 181 112 1781
 20.8 0.712625 2 231 340 1782
 17.4 0.860785 1 181 811 1783
 22.9 0.754328 2 429 1303 1784
 24.7 1.42964 2 355 1532 1785
 20.9 0.232335 2 191 1506 1786
 25.5 0.992274 2 140 1265 1787
 17.7 0.018127 2 149 841 1788
 19.5 1.82394 1 227 311 1789
 14.2 0.854839 1 113 253 1790
 13.9 0.650219 1 182 1846 1791
 17.7 0.116744 1 197 198 1792
 16.7 0.709565 2 169 958 1793
 22.9 1.00243 2 430 719 1794
 20.4 1.52397 1 172 1383 1795
 25.8 1.63062 2 134 1650 1796
 23.9 0.491028 2 171 1413 1797
 20.2 0.974672 2 148 695 1798
 17.7 0.585483 1 137 913 1799
 22.4 1.65832 2 117 1851 1800
 17.2 1.50889 1 180 1617 1801
 22.6 1.31136 2 229 472 1802
 19.8 1.66066 1 374 697 1803
 15.4 0.776399 1 181 435 1804
 22.6 0.642841 2 132 1663 1805
 21.5 0.753884 2 170 7 1806
 18.5 1.30763 1 182 1131 1807
 23.4 0.77256 2 232 916 1808
 27.5 1.59546 2 119 1193 1809
 19.4 0.604187 2 231 117 1810
 18.8 0.333032 2 184 1764 1811
 16.9 0.825752 1 151 324 1812
 22.8 2.09449 2 231 556 1813
 20.6 1.22122 1 122 584 1814
 18.1 0.999867 1 194 363 1815
 23 0.667512 2 176 1742 1816
 19.3 0.938826 1 116 1272 1817
 19 0.902528 2 176 1056 1818
 15.8 1.01465 1 144 1047 1819
 16.6 0.473149 1 189 1110 1820
 18.4 0.834712 1 124 32 1821
 20.7 1.30351 1 357 181 1822
 21.9 0 1 172 410 1823
 18 0.993921 1 135 731 1824
 17.8 0.0226285 1 366 500 1825
 18.4 0.930388 1 114 1595 1826
 26.8 0.674594 2 429 1814 1827
 26.7 0.945997 2 375 1201 1828
 23.8 1.92723 2 364 905 1829
 21.8 1.03443 2 191 964 1830
 17 1.69266 1 365 178 1831
 17.5 0.38759 2 193 1826 1832
 19.8 0.464821 1 365 265 1833
 15.2 0.810122 1 113 873 1834
 18.6 0.532423 1 202 640 1835
 19.1 1.34597 2 147 1450 1836
 20.7 0.668157 2 132 1679 1837
 15 0.415928 1 175 1341 1838
 14.9 -0.573953 1 197 1123 1839
 16.5 1.0433 2 139 818 1840
 17.2 0.182297 1 151 327 1841
 17.2 1.21307 1 235 92 1842
 19.7 1.15093 1 418 127 1843
 21.3 0.973729 2 426 351 1844
 18.2 -0.401844 2 192 793 1845
 25 0.588439 2 165 1314 1846
 21.5 0.891287 1 360 1543 1847
 17.4 0.765404 1 114 1486 1848
 18.6 0.486328 2 192 1261 1849
 25.5 0.547524 2 191 661 1850
 19.2 1.66468 1 123 900 1851
 19.8 0.383699 1 157 241 1852
 15.7 0.71733 1 180 1863 1853
 17.3 0.914064 1 160 206 1854
 20.8 1.53633 1 179 940 1855
 20.6 0.0909793 2 193 713 1856
 20.8 0.874978 1 418 1390 1857
 16.4 0.785579 1 204 1630 1858
 22.5 0.846107 2 154 1404 1859
 24.1 -0.655 2 191 517 1860
 20.3 1.01037 2 164 761 1861
 25.7 1.67858 2 117 390 1862
 17 0.573222 2 164 159 1863
 23 0.634499 2 200 58 1864
 17 0.523765 1 159 1088 1865
 17.9 1.22392 2 170 859 1866
 21.2 1.7239 2 139 1247 1867
 21.3 0.894815 2 169 1467 1868
 17.8 0.648543 1 150 1559 1869
 23.5 1.41087 2 431 1485 1870
 18.6 0.545309 1 188 613 1871
 17.1 1.12252 1 188 533 1872
 16.9 1.09201 1 180 298 1873
 24.5 1.10589 2 111 1797 1874
 25.1 0.712135 2 429 141 1875
 19 0.728432 1 187 997 1876
 20.3 0.845278 1 122 1107 1877
 19.2 0.681019 1 116 1330 1878
 16.4 0.0829739 1 167 1697 1879
 16 0.347141 1 146 1629 1880
 21 1.14673 1 228 465 1881
 25.5 0.394786 1 133 690 1882
 20.9 0.894486 2 231 456 1883
 22.3 0.0559311 2 132 1659 1884
 20.8 0.613631 2 184 4 1885
 15.7 1.1588 1 187 1150 1886
 20.9 1.23367 1 172 1194 1888
 21.2 0.55947 2 232 1844 1889
 18.2 1.16594 1 123 1779 1890
 22.1 1.0598 2 170 314 1891
 17.9 0.875782 1 137 550 1892
 21 1.23009 1 357 605 1893
 19 0.834295 2 184 368 1894
 18.7 0.492102 2 184 1738 1895
 17.9 0.653055 1 146 1295 1896
 19.4 0.782974 1 166 1069 1897
 22 1.30967 2 112 1048 1898
 19.6 1.66342 1 122 1256 1899
 20.2 0.987897 1 360 1499 1900
 23.1 1.57375 1 374 1267 1901
 22 1.4422 2 176 829 1902
 17.2 1.46026 1 205 1050 1903
 24.5 0.770901 2 178 80 1904
 18 1.07062 1 188 135 1905
 16.4 0.942629 1 150 358 1906
 20.2 0.838528 1 357 781 1907
 25.8 0.893692 2 178 565 1908
 19.3 0.652625 1 195 1549 1909
 24.6 1.64876 2 363 1643 1910
 19.9 1.56342 1 123 1411 1911
 19.5 0.93042 1 182 676 1912
 19.7 0.344135 2 192 911 1913
 17 0.838842 1 150 228 1914
 15.8 1.06173 1 271 12 1915
 17.8 1.12746 1 299 215 1916
 19.9 1.15217 1 285 925 1917
 16.5 0.302079 1 291 704 1918
 21.4 0.169847 2 246 1395 1919
 18.5 0.493103 1 285 1457 1920
 15.7 0.362395 1 256 1566 1921
 16.5 0.193886 2 162 530 1922
 18.4 1.19143 1 194 767 1923
 15.9 -0.00770702 1 197 377 1924
 16 1.28971 1 285 154 1925
 18.4 1.10236 1 136 68 1926
 23.8 0.918491 2 254 283 1927
 20 1.39701 2 229 849 1928
 16.4 1.1173 1 114 1253 1929
 15 0.560769 1 151 1318 1930
 16 -0.389049 2 149 1707 1931
 27.1 1.12715 2 302 1476 1932
 20 0.668528 1 303 620 1933
 19.9 0.00318888 2 162 515 1934
 18.6 0.49084 2 186 289 1935
 22.3 1.38382 2 224 1806 1936
 23.1 -0.0667637 2 201 149 1937
 21.3 1.30177 2 121 988 1938
 17.8 1.02259 2 164 775 1939
 24.6 1.33193 2 224 1172 1940
 17.5 1.17714 1 203 1858 1941
 12.2 0.645831 1 167 1619 1942
 22.7 0.631878 2 132 478 1943
 17.4 0.732928 1 151 699 1944
 24 1.30496 2 429 437 1945
 18.7 1.04854 1 153 1668 1946
 16.4 1.0443 1 233 10 1947
 19.3 1.05936 1 419 1135 1948
 18.3 0.684268 1 227 919 1949
 17.2 -0.0333333 1 115 1018 1950
 19.9 1.05247 1 158 1251 1951
 20.5 0 1 173 1767 1952
 24.2 1.36297 2 117 331 1953
 18.2 1.03485 1 365 560 1954
 20.9 0.36231 1 162 364 1956
 18.6 0.560626 1 419 1277 1958
 19.3 1.68956 2 156 1059 1959
 18.2 1.36739 1 226 874 1960
 19 1.48266 2 229 1111 1961
 23.9 1.54417 2 140 34 1962
 17.2 0.842873 2 193 1691 1963
 17.9 1.25764 1 366 415 1964
 15.5 0.906888 1 158 734 1965
 19.4 1.56741 1 145 501 1966
 23.5 1.16666 2 375 1598 1967
 22.7 0.72775 2 426 1817 1968
 12.4 0.37763 1 115 1205 1969
 23.5 0 2 339 1134 1970
 17.2 0.693276 1 181 967 1971
 17.7 0.918576 1 153 183 1972
 24.6 0.943582 2 156 1829 1973
 19.8 0.962259 2 161 270 1974
 17.8 0.812802 1 159 488 1975
 22.6 1.27792 2 140 641 1976
 16.5 0.779665 1 204 1454 1977
 28.8 0.911502 2 353 1682 1978
 17.3 0.908562 1 244 1344 1979
 21.3 -0.462316 2 186 1276 1980
 16.8 0.507613 1 151 822 1981
 23.8 1.41744 1 122 1044 1982
 27.8 1.10656 2 364 99 1983
 23.4 1.48704 2 155 132 1984
 20.6 1.24192 1 360 356 1985
 18.2 0.904668 1 300 797 1986
 24.8 0.855934 2 364 570 1987
 16.9 -0.0167375 1 272 1547 1988
 17.5 1.40837 1 205 1492 1989
 19.5 0.998016 2 183 1423 1990
 22.7 0.993175 2 251 666 1991
 25.2 1.15369 2 356 906 1992
 18.9 1.18228 1 113 249 1993
 21.5 0.853869 2 143 15 1994
 18.4 1.15496 1 91 715 1997
 25.8 0.86158 2 315 1394 1998
 19.7 1.43203 1 257 1604 1999
 24 0.563428 2 302 125 2000
 22.7 1.3704 2 288 1770 2001
 23 1.25101 2 318 316 2002
 21.3 1.46554 2 95 554 2003
 23 0.849785 2 259 587 2004
 20.6 1.60028 1 393 1514 2005
 16.8 0.786527 1 407 1740 2006
 21.1 1.65941 1 400 1278 2007
 19.4 1.01131 1 400 1061 2008
 18.6 1.21649 1 407 1046 2009
 18.4 0.709979 1 392 268 2010
 20.9 1.42566 1 400 35 2011
 18.5 1.60932 1 407 174 2012
 19.5 0.300278 1 391 408 2013
 17.3 0.659348 1 393 735 2014
 22.1 2.12492 1 378 502 2015
 27 0.9668 2 381 1593 2016
 18.5 0.735326 1 454 1424 2017
 25.3 1.39002 2 444 1207 2018
 15.7 1.27039 1 433 904 2019
 23.6 0.364829 2 416 184 2021
 30.2 1.06163 2 402 29 2022
 21.5 0.984832 2 437 263 2023
 28.1 0.995366 2 376 876 2024
 25.5 1.72125 2 442 642 2025
 21.4 1.21464 2 397 1448 2026
 20.8 1.46463 1 468 1687 2027
 25.2 0.760161 2 390 1345 2028
 25.2 0 2 363 757 2029
 20.3 1.07823 1 411 810 2030
 27.8 1.26292 2 463 329 2031
 23.4 1.32448 2 403 94 2032
 25.3 1.2785 2 404 119 2033
 20.7 0.456772 2 386 1021 2034
 27 1.39144 2 371 794 2035
 26.3 1.22447 2 376 1306 2036
 26.8 1.79341 2 442 1546 2037
 29.7 1.5668 2 383 1487 2038
 28 1.69018 2 371 1263 2039
 24 -0.0929946 2 386 476 2041
 24.1 1.72767 2 386 244 2042
 25.4 1.13168 2 435 1853 2043
 24 0.771881 2 441 201 2044
 20.8 0 2 464 941 2045
 25.2 1.52325 2 463 1156 2046
 20 0 1 445 1385 2047
 28 1.11171 2 368 1631 2048
 23 -0.463796 2 457 1406 2049
 23.7 1.50656 2 362 512 2050
 23.6 1.05627 2 442 753 2051
 28.1 1.04221 2 377 391 2052
 20.4 1.15944 1 462 1704 2053
 24.4 1.59198 2 375 51 2054
 27.8 1.44335 2 396 1089 2055
 21.8 0.954279 2 448 860 2056
 19.8 0.73021 2 416 1241 2057
 26.1 1.86991 2 369 1780 2058
 18.5 1.35023 1 380 1561 2059
 19.6 1.32369 1 440 373 2060
 21.6 1.50813 2 381 604 2061
 27.2 1.39663 2 376 534 2062
 18.9 1.03465 1 438 299 2063
 24.8 1.25434 2 458 1790 2064
 29.4 0.961042 2 415 1229 2065
 25.1 1.01089 2 457 998 2066
 24.8 0.588794 1 410 1100 2067
 20.7 1.61397 1 405 1336 2068
 24.4 0.805671 1 410 1698 2069
 28 1.2148 2 437 1636 2070
 17.5 1.08011 1 461 455 2071
 20.7 0.0640125 2 397 681 2072
 20.5 0.0373138 1 445 450 2073
 21.7 0.454932 1 468 1645 2074
 23.6 0.8595 2 404 1880 2075
 27.1 0 2 434 1146 2076
 19.6 1.69317 1 398 959 2077
 23.6 0.712135 2 431 1191 2078
 22.5 0.775335 2 362 1839 2079
 21.3 1.00953 2 387 303 2081
 24.6 0.900651 2 363 539 2082
 23.3 1.04461 2 395 599 2083
 18.4 1.39444 1 432 1501 2084
 24.6 0 2 466 1730 2085
 22.3 0.97247 1 451 1290 2086
 27.8 0.603234 2 415 1067 2087
 22.8 1.38808 2 431 1043 2088
 17.3 -0.005604 1 454 105 2089
 20.3 1.31134 1 461 46 2090
 24.9 0 2 466 164 2091
 24.9 1.05174 2 414 396 2092
 22.2 0.542639 2 437 748 2093
 26.5 0.871917 1 410 508 2094
 25.7 1.29395 2 450 1581 2095
 18.1 0.799649 1 468 1435 2096
 20.5 0.821699 1 445 1213 2097
 25.5 1.57441 2 444 889 2098
 22.7 1.08217 1 451 1115 2099
 26.7 0.350525 2 396 1651 2100
 20.9 1.19905 1 451 1415 2101
 21.2 1.74446 1 385 668 2102
 25 1.26545 2 465 908 2103
 28.2 1.47726 2 437 232 2104
 20.4 1.10354 1 412 1866 2105
 17.5 1.12225 1 373 210 2106
 24.5 1.05571 2 401 929 2107
 16.7 1.75225 1 432 708 2108
 20.4 1.27501 1 373 1392 2109
 25.5 1.28423 2 413 1795 2110
 21 0.974994 1 452 1568 2111
 24.6 0 2 384 522 2112
 27.5 1.28426 2 368 763 2113
 25.6 1.36278 2 457 380 2114
 20.2 0.930194 2 387 62 2116
 25.4 1.42772 2 369 1077 2117
 16.7 0.73913 1 373 854 2118
 26.2 1.59144 2 371 1249 2119
 28.4 1.03885 2 434 1310 2120
 26.9 1.07134 2 435 383 2122
 20.9 1.53537 1 433 615 2123
 16.9 0.98006 1 372 519 2124
 21.9 1.28158 2 441 290 2125
 25.5 1.34982 2 437 1800 2126
 24 1.02903 2 458 144 2127
 21.7 0.612119 2 395 991 2128
 19.1 0.781354 1 432 1109 2129
 20.5 0.834097 1 398 1164 2130
 20.7 1.12116 1 440 1861 2131
 25.5 0.17527 2 441 1621 2132
 27.9 1.69158 2 377 467 2133
 20.4 0 1 445 664 2134
 25 0.944595 2 369 438 2135
 23.9 2.51753 2 363 1662 2136
 26.2 0.831107 2 368 5 2137
 26.3 1.54401 2 383 1136 2138
 25.9 1.36936 2 442 921 2139
 16.7 1.34888 1 459 1012 2140
 17.5 1.42097 1 453 130 2141
 18.9 1.23664 1 432 1776 2142
 23.9 0 2 384 323 2143
 24.3 0.628996 2 397 558 2144
 19.5 0.88274 1 406 608 2145
 26.6 1.84601 2 401 1519 2146
 22.2 0.241305 1 461 1745 2147
 27.1 1.54158 2 363 1293 2148
 19.9 -0.137371 1 445 1068 2149
 17.6 0.83465 1 438 870 2150
 16.8 1.71386 1 459 1105 2151
 20.9 1.03085 1 406 40 2152
 27.2 1.64278 2 442 180 2153
 24.4 1.32519 2 371 413 2154
 18.5 1.58855 1 461 756 2155
 18.7 1.43465 1 438 510 2156
 18.5 0.968404 1 438 1601 2157
 24.5 1.85698 2 401 1433 2158
 26.9 1.29792 2 436 1214 2159
 26 0.690144 2 415 727 2160
 20.3 0.610028 1 374 957 2161
 19.9 1.81003 1 373 189 2162
 21.5 0.448385 1 391 1831 2163
 18.2 1.94629 1 453 267 2164
 25 1.33494 2 457 907 2165
 19.7 1.21132 1 433 657 2166
 20 0.350925 1 419 1456 2167
 25.7 1.91152 2 382 1689 2168
 17.3 1.10015 1 412 1283 2170
 26.3 0.712274 2 435 817 2171
 27.5 1.19735 2 371 335 2172
 17.5 0.844335 1 407 107 2173
 23.6 0.891283 2 444 124 2174
 18.2 1.8185 1 432 347 2175
 26.1 1.34403 2 409 819 2176
 21.1 1.2315 2 369 1312 2177
 26.8 1.16418 2 463 1548 2178
 26.9 1.60256 2 404 1510 2179
 26.5 -0.00263107 2 394 1428 2180
 22.3 0.918602 2 465 654 2181
 21 1.55492 1 440 895 2182
 19.3 0.71207 2 416 255 2183
 22.1 0.980921 2 455 1860 2184
 25.4 1.12325 2 465 965 2186
 29.2 1.12407 2 377 714 2187
 25.6 0.624516 2 465 1393 2188
 21.4 1.17107 1 446 1648 2189
 27 2.16932 2 382 516 2191
 23.8 1.68155 2 381 758 2192
 20.3 1.31525 1 440 398 2193
 26.2 1.06996 2 455 161 2194
 20.8 1.03612 2 416 56 2195
 19.3 0.889191 1 412 1108 2196
 17.3 1.25151 1 406 867 2197
 29.2 0.16557 2 443 1250 2198
 23.8 1.12903 2 457 1460 2199
 16.2 0 1 391 1296 2200
 23.7 1.31215 2 458 1070 2201
 28.1 0.968616 2 414 1024 2202
 18.3 0.926211 1 438 1759 2204
 21.5 1.17501 1 372 334 2205
 21.3 1.65254 2 362 563 2206
 25.3 1.08231 2 437 576 2207
 22.4 1.58935 1 451 361 2208
 18.1 1.00998 1 392 1744 2209
 25.5 1.33188 2 362 1439 2210
 27.4 1.55962 2 383 1215 2211
 22.5 1.67248 2 456 879 2212
 27.6 0.643316 2 450 1113 2213
 25.7 1.96739 2 371 26 2214
 26.6 1.65049 2 448 1688 2215
 25.5 2.40474 2 381 418 2216
 20.6 1.10621 2 397 723 2217
 21.7 1.23929 1 405 498 2218
 15.1 0.796244 1 438 1600 2219
 22.3 1.42773 2 395 1665 2220
 26.2 0.90245 2 456 1356 2221
 24.2 1.00242 2 395 738 2222
 29.7 1.4201 2 389 969 2223
 25.8 0 2 384 171 2224
 17.8 0.449523 1 412 1823 2225
 17.3 1.345 1 392 272 2226
 25.3 0.695934 2 444 491 2227
 22.7 1.26666 2 375 636 2228
 25 1.65234 2 436 1455 2229
 22.6 1.03747 2 458 1523 2230
 24.6 1.67849 2 375 1507 2231
 27.5 0.588221 2 434 1270 2232
 25.7 0 2 435 824 2233
 16.5 0.554745 1 373 312 2234
 15.5 0.705359 1 453 129 2236
 21.1 0.52244 1 467 354 2237
 25.3 1.53906 2 362 784 2238
 22.6 0.938713 2 431 569 2239
 27 0.249955 2 443 1368 2240
 23.1 1.65172 2 386 1657 2241
 18.4 1.16514 1 412 1420 2242
 20.3 1.03479 1 446 675 2243
 24.5 1.3881 2 455 909 2244
 28.4 1.25193 2 402 239 2245
 20.9 1.58741 1 440 1871 2246
 26 0 2 384 213 2247
 19.9 1.32946 1 433 712 2249
 26.8 0.523931 2 368 1224 2250
 21.3 1.2594 1 372 1452 2251
 24.7 1.2687 2 457 1572 2252
 20.8 0.205563 1 467 529 2253
 24.7 1.29139 2 390 765 2254
 18.7 1.35479 1 459 156 2256
 21.4 0.501605 1 398 66 2257
 29.1 0.867402 2 396 1087 2258
 19.6 1.28601 1 433 858 2259
 20.6 0.945736 1 412 1081 2260
 25.7 -0.0981834 2 382 1317 2261
 26.7 1.37652 2 409 1711 2262
 21.5 0.903616 2 387 1479 2263
 25.9 1.77259 2 404 618 2264
 27 1.51544 2 390 551 2265
 20.4 1.3669 2 362 295 2266
 19 0.853514 1 433 1804 2267
 25 0.860918 2 444 155 2268
 24.6 1.93616 2 368 996 2269
 29.1 0.755869 2 443 934 2270
 21.3 0.797734 2 447 1171 2271
 26.5 1.36161 2 377 1867 2272
