345 1 69 20.3 1.08004 0.952123 1.45443
346 2 27 26.7 0.99726 1.01302 1.13901
347 2 43 19.5 1.08285 0.900454 1.33243
348 2 2 22.2 1.02697 1.01719 0.92849
349 1 218 17.3 1.05095 0.958695 1.42519
350 2 17 18.1 1.0204 1.05445 0.384847
351 2 57 25.6 0.95566 0.947974 2.06488
352 2 36 20.6 1.01382 0.921759 1.59988
353 1 550 17.3 1.01025 0.99182 1.11917
354 2 66 16.3 1.00517 0.993156 0.815969
355 2 418 21.8 0.9588 0.981813 1.73226
356 2 56 18.5 0.975069 0 0
357 2 25 22.3 0.967726 1.02399 1.03688
358 1 45 17.4 0.979888 0.874927 2.19321
359 1 549 18.7 1.00703 0.988014 1.34323
360 2 352 21.2 1.06387 0 0
361 1 152 20.6 0.91334 0.977921 1.85495
362 1 21 19.7 1.04292 1.02138 0.83553
363 1 130 20.2 0.98672 1.03735 0.945294
364 2 352 19.8 1.01168 0 0
365 1 5 16.3 0.987727 1.02185 0.823025
366 2 71 22.8 0.79988 0 0
367 1 541 19 1.0157 0.975117 1.58867
368 1 55 15.9 0.954327 1.01458 0.914554
369 2 352 21.7 0.99103 0 0
370 1 294 18.7 1.01113 0 0
371 2 27 24.2 1.02632 0.936417 1.69934
372 2 216 18.9 1.02294 0.967268 1.3965
373 2 72 16.4 0.996656 1.03499 0.529596
374 2 538 16.9 1.03109 0.955205 1.15234
375 1 422 15 0.966646 0.984829 1.23397
376 2 494 20.5 0.982892 0.952928 1.68682
377 2 494 19.4 1.02475 0.962935 1.41213
378 1 32 17.8 1.03337 1.03651 0.685436
379 2 42 18.4 1.03038 0.933758 1.24466
380 1 23 15.9 1.01031 0.996342 0.874333
381 1 46 16.3 1.01231 0.966154 1.07634
382 2 67 21.8 0.885758 1.01707 1.46408
383 1 31 18.5 1.0353 0.949987 1.59387
384 2 418 17 0.983845 0.95872 1.52043
385 1 542 19 1.07638 0.977795 1.31146
387 1 53 14.8 0.997391 0.983842 0.922993
388 1 68 17.2 0.983632 0.944803 1.51011
389 1 218 17.1 0.990242 1.06721 0.677087
390 1 6 17 0.997763 1.02662 0.89771
391 2 65 17.2 0.981272 0 0
392 1 60 14 1.0004 0.977879 0.946321
393 2 50 22.7 1.01706 0.9515 1.66939
394 1 70 17.7 0.989305 0.980203 1.31855
395 2 3 22.1 1.01156 0.931441 1.796
396 1 62 17 1.07965 1.06772 0.315956
397 1 421 20.1 0.99292 1.01727 1.29391
398 2 545 25.1 0.92282 0.986762 1.82716
399 1 293 16 0.987056 0.959712 1.49244
400 2 43 18.7 1.01694 0.967176 1.1206
401 1 13 18.7 0.976772 1.05171 0.910075
402 2 56 14.7 1.00008 1.04737 0.24122
403 1 53 16 1.11722 1.01135 0.417944
404 1 38 17.5 0.99104 1.0348 0.808764
405 2 3 21.1 1.06429 1.0082 0.862244
406 2 66 20.5 1.04094 0.943424 1.46873
407 2 291 23.4 1.09933 0.987536 1.18568
408 2 42 19.3 1.03388 0.916586 1.4434
409 1 542 15.5 1.08574 0.946287 1.16462
410 1 294 16.7 1.00706 0.961063 1.46586
411 1 293 15.4 1.00156 1.00262 1.00088
412 1 30 18.5 1.02667 1.19279 -0.558019
413 1 492 24 1.05618 1.0185 1.32654
414 1 551 16.5 1.02059 0.988808 1.14575
415 1 23 17.6 1.01405 1.03417 0.739317
416 2 71 22.6 0.867732 0 0
417 2 67 23.8 0.927331 1.09544 0.575903
418 1 32 16.8 1.03579 0.933257 1.46138
419 1 63 17.6 0.983833 1.13357 0.252235
420 1 21 16.6 1.01169 0.999762 0.906825
421 2 19 23.5 1.00839 1.04787 0.71229
422 2 290 18.4 1.04729 1.01215 0.8595
423 2 214 26.1 1.00178 0.979618 1.61298
424 2 546 20.9 0.986643 0 0
425 2 18 21.4 1.00732 0.990247 1.03887
427 2 44 19.7 1.05674 0.898156 1.51682
428 1 45 19.2 0.963577 1.03373 1.00039
429 1 422 18.5 0.972386 1.02553 1.21331
430 2 11 18.8 1.07942 0.971476 0.801187
431 2 10 23.8 1.08547 0.98929 1.03833
432 2 538 16.4 1.08472 0.929325 1.22702
433 1 541 20.3 1.03278 0.99404 1.37771
434 2 540 21.7 0.990016 0.949946 1.74855
435 2 12 18.3 1.09787 1.00961 0.434941
436 2 66 18.3 1.11604 0.893336 1.45185
437 2 59 20.7 1.01404 1.00397 0.967401
438 1 69 18 1.00841 1.10533 0.217283
439 2 539 13.1 0 0.920692 0.232938
440 2 77 21 1.07403 1.03829 0.518773
441 1 13 17.9 0.910278 0 0
442 2 48 21.9 1.01784 0.970644 1.42846
443 1 69 18.6 0.965203 1.01403 1.23542
444 1 497 12.8 1.05295 0.975103 0.663215
445 1 76 14.4 1.01119 1.06864 0.344398
446 1 76 15.5 0.987693 1.17086 0
448 1 68 18.1 0.881953 1.0132 1.4717
449 2 538 13.5 1.11805 0.886556 1.06204
450 2 49 19.6 0.931499 0 0
451 2 50 28.6 0 0.96147 1.00613
452 1 70 15.4 1.00471 1.03669 0.578877
453 2 495 18 1.11481 0.936508 1.20243
454 2 50 25.6 0 1.00427 0.694306
455 1 76 17.4 1.02563 1.08165 0.406857
456 1 5 17.3 0.948016 1.09008 0.615849
457 1 45 18.7 0.985713 0.974976 1.36664
458 2 59 19.1 1.03815 1.12244 -0.190407
459 2 43 20 1.03774 1.04215 0.316818
460 1 22 16 0.998853 1.10329 0.0827718
461 1 423 18.3 1.04449 0.97967 1.36142
462 1 14 19.1 0.944596 1.0963 0.576321
463 2 27 26.3 1.0477 1.07572 0.261798
464 1 53 18.6 1.0182 0.96311 1.50233
465 1 29 19.2 0.971744 0.955327 1.69387
466 2 218 16.3 0.939838 0.979346 1.28421
467 1 68 14.4 0.983934 0.926324 1.38858
468 1 62 18.1 0.928647 0.988255 1.61974
469 2 43 23.3 0.934086 1.07988 0.785588
470 2 19 23.9 1.07197 0 -0.481796
471 1 550 15.7 1.01831 0.957921 1.29638
472 2 33 15.3 1.14158 1.08204 -0.624177
473 1 29 18.5 0.949851 1.08318 0.595137
474 1 22 13.4 0.996728 1.03688 0.310612
475 2 36 21.5 1.02843 1.05094 0.549245
476 1 76 17.6 0.948687 1.0235 1.25157
477 2 351 20.9 1.12351 0.970176 1.20183
478 1 29 16.1 0.98254 1.00312 0.904838
479 2 41 21.5 0.988205 1.07395 0.325256
480 2 292 19.7 0.895177 0.953634 2.06329
481 2 547 18 1.04068 0.928792 1.38032
482 1 83 17.2 1.02438 1.02486 0.778291
483 1 60 16 1.03976 0.975926 1.11004
484 2 418 20.7 0.904419 0 0
485 2 540 19.8 0.976086 0.968764 1.68609
486 1 37 16 1.02684 0.971357 1.00033
487 2 19 19.6 1.01055 1.06751 0.2992
488 2 44 20.3 1.03815 0.910007 1.4915
489 2 538 16.2 1.04546 0.906243 1.53672
490 2 351 19.9 1.0977 0.965054 1.21153
491 1 22 15.8 1.00377 1.00514 0.757456
492 1 37 15.8 1.00913 0.948309 1.3269
493 2 65 19 0.981348 0 0
494 2 418 24.2 0.978721 0.993418 1.66223
495 1 24 16.9 0.955152 0.982688 1.43467
496 2 77 22.2 0.925852 1.04582 1.22382
497 1 61 15.8 0.972286 1.02334 0.794427
498 2 59 18.6 1.06453 0.955159 0.916769
499 1 6 18 0.902901 0 0
500 1 62 18.5 0.964498 1.02363 1.1341
501 1 354 19.2 1.04338 0.97959 1.57697
502 2 57 19.3 0.944358 0 0
503 1 47 17.4 1.00164 0.980893 1.13414
504 2 58 20.4 1.06104 1.01797 0.699892
505 1 7 17.1 1.00693 1.03481 0.654255
506 1 496 12.4 1.04911 0.951981 0.839161
507 1 355 17.7 0.997596 1.00857 1.25417
508 2 71 21.7 0.864249 1.01761 1.5199
509 2 546 22.2 1.01351 0.999381 1.27779
510 2 50 20 0.983127 1.059 0.681613
511 1 74 17 0.97289 0.901566 2.025
512 2 34 24 1.04522 1.04833 0.528581
513 1 295 16.8 0.947415 0 0
514 1 543 14.8 1.02902 0.957942 1.14183
515 2 17 23.6 0.979171 1.03117 1.00511
516 2 51 27.2 0.981247 1.02172 1.16434
517 2 42 22 0.987175 1.02401 0.825256
518 1 220 21.2 0.99939 0.983984 1.73111
519 2 538 17.1 0.9661 0.958081 1.45486
520 1 219 20.7 0.984185 1.02916 1.26486
521 1 421 18.5 0.990682 1.02278 1.15424
522 1 14 18.7 0.925461 1.02949 1.14383
523 1 70 17.6 0.955199 0.981277 1.39449
524 2 540 23 1.03228 0.986189 1.32915
525 1 31 19.9 1.05996 0.995019 1.20823
526 2 539 13.5 0 0.878674 0.531676
527 1 14 18.8 0.966418 1.03891 0.942567
528 2 419 23.3 1.02593 1.04445 0.768143
529 2 26 23.7 1.05014 1.08011 0.265585
530 2 27 26.2 0.996463 1.02783 0.972761
531 2 9 19.5 1.02801 1.01586 0.70245
532 2 20 22.5 1.02115 1.01669 0.795413
533 1 354 16.3 1.03724 0.982477 1.11198
534 1 13 17.4 0.915802 0 0
535 2 25 22.8 1.03109 1.04146 0.507778
536 2 72 24.4 0.902214 1.06497 1.09923
537 1 295 16.1 0.98907 0.980868 1.19118
538 2 34 21.7 1.01309 0 0
539 1 6 16.1 0.98098 1.04167 0.623025
540 1 30 17.1 1.04876 0.933482 1.30105
541 2 26 23.2 1.02939 1.05098 0.54997
542 2 17 19.9 1.01394 0 0
543 2 28 21 1.02156 1.13095 -0.122189
544 1 5 19 0.966948 1.05727 0.879571
545 2 11 15.5 1.06744 1.01639 0.247167
546 2 12 19 0.997443 0.987069 1.03747
547 2 547 20.2 1.02506 0.986151 1.19593
548 2 11 20.9 1.08209 0.943071 1.25773
549 1 60 12.6 1.04651 0.997853 0.454759
550 1 37 18.7 1.01192 0.920499 1.84843
551 2 215 21.9 1.02654 0.995623 1.30959
552 2 418 19.2 0.933538 0.983607 1.61073
553 1 69 20.5 1.02616 1.03938 0.872566
554 1 70 16.3 1.01884 0.945203 1.33542
555 1 53 15.3 1.0727 0.998987 0.569837
556 1 31 17.4 0.992843 0.982564 1.16138
557 1 37 16.1 1.0386 1.03451 0.47501
558 1 74 18.9 0.989506 1.03913 0.922472
559 1 54 19.6 0.98379 1.01634 1.13482
560 1 13 17.9 0.960127 1.00002 1.26914
561 2 216 19.5 1.03596 0.994666 1.00242
562 2 419 22.2 1.04543 1.00796 1.12004
563 1 7 18.8 0.993602 1.01408 1.11206
564 1 47 14.7 1.06668 1.07575 -0.106786
565 2 289 21.5 1.03709 1.00043 1.24854
566 1 24 15 1.01907 1.07762 0.133403
567 2 4 23.6 1.11892 1.01629 0.682511
568 1 13 16.8 0.985487 1.03358 0.79446
569 1 15 15.7 0.940926 1.01674 1.06449
570 1 543 15.2 1.11005 0.949065 1.05618
571 1 74 18.7 1.00696 1.09339 0.363402
572 2 71 21.8 0.958187 1.10507 0.508932
573 1 52 19.5 1.03056 1.0361 0.909505
574 2 547 20.4 1.00178 0.978436 1.27906
575 1 55 15 0.958321 1.07065 0.390501
576 2 64 22.2 0.93513 0 0
577 2 26 20.1 0.999672 1.10142 0.0368804
578 1 39 18.3 0.934139 1.07085 0.801588
579 1 541 18.7 1.02672 1.00101 1.28023
580 1 68 15.7 0.996522 0.922666 1.54512
581 2 33 18.8 1.0457 0.938267 1.13363
582 1 46 16.7 1.00571 0.989286 0.993214
583 2 77 18.5 1.09601 1.00246 0.570666
584 1 21 18.5 1.00523 1.13095 0.105563
585 1 23 16 1.07923 0.952514 0.946493
586 2 42 23.3 1.03486 1.00309 0.872101
587 2 548 20.2 1.02957 0.94334 1.62125
588 2 9 14.4 1.1197 0.957312 0.43029
589 1 541 19.5 1.01138 1.00682 1.35492
590 2 4 20.9 1.03765 1.05245 0.479122
591 1 30 14.2 1.01641 0.98962 0.680784
592 2 36 19.2 1.03025 1.03412 0.518016
593 2 71 24.4 0.933105 1.01334 1.34734
594 1 15 14.2 1.01196 0.883663 1.62104
595 1 551 18.8 0.944673 0 0
596 2 540 22.5 1.00276 0.984891 1.50636
597 2 72 20.6 0.985613 1.17182 -0.224822
598 1 45 17.2 0.973868 0.949268 1.59448
599 1 82 17.8 0.97195 0.961615 1.55424
600 2 493 24.7 1.04701 0.964904 1.50456
601 1 40 17.8 1.0074 1.0027 1.03282
602 1 62 19.7 0.958925 0.977705 1.61596
603 2 290 20.4 1.04848 0.983119 1.36668
604 2 25 20.4 0.991617 0.978278 1.2297
605 1 68 15.1 0.914985 1.01438 1.03203
606 2 548 21.3 1.11604 0.98501 1.01746
607 1 63 19.2 1.06658 0.962541 1.19529
608 1 45 16.7 1.01309 0.919499 1.5679
609 1 14 19.6 0.943875 1.04401 1.01725
610 2 25 18.7 0.987271 1.06721 0.356282
611 2 59 20.4 1.03945 1.08352 0.284278
612 2 58 18.6 1.07035 0.959087 1.00115
613 2 49 20.2 0.98666 0.940264 1.52972
614 2 495 18.5 1.0431 0.990388 1.06277
615 1 52 21.1 1.0756 0.946901 1.6226
616 2 4 23.9 1.0165 1.05642 0.735667
617 2 2 22.2 1.03509 1.00309 0.969421
618 2 36 21.6 0.983699 1.10496 0.199876
619 1 423 18.2 1.04909 0.98732 1.2361
620 2 421 14 1.00474 0.950358 0.99638
621 1 74 19.1 1.02714 1.12459 0.0790166
622 1 549 17.8 0.951406 0.969273 1.73858
623 2 58 19 1.07114 1.0435 0.460224
624 1 539 13 0 0.905081 0.132989
625 2 33 19.1 1.0819 1.02282 0.32393
626 2 495 16.2 1.13855 0.940621 0.87838
627 2 494 20.1 1.00917 0 0
628 1 38 16.1 1.04498 1.0113 0.717203
629 2 65 17.9 0.956991 0 0
630 2 35 13.4 1.06302 0.973045 0.289311
631 2 493 22.4 0.936836 0.98671 1.58556
632 2 27 27.1 1.04079 1.05192 0.502729
633 2 17 19 1.01785 1.05441 0.307638
634 1 32 16.6 1.02882 1.01851 0.585436
635 1 75 16.3 1.05718 0.941842 1.26466
636 2 548 19.3 1.10091 0.989216 0.995934
637 1 497 14 1.07081 0.956191 0.902883
638 2 44 21.2 1.06493 1.06157 0.19024
639 1 39 18.6 1.05062 1.06495 0.523116
640 2 26 21.7 1.03141 1.08861 0.176548
641 2 214 19.5 0.995032 0.948035 1.70494
642 1 52 18.3 1.0468 0.952513 1.42638
643 2 545 23.6 0.976555 0.971457 1.75248
644 2 540 20.8 0.973127 0.992979 1.40888
645 2 353 22 1.11189 0.946016 1.52589
646 1 496 14.1 1.06881 0.986065 0.745075
647 1 544 16.4 1.01008 0.974334 1.24056
648 1 60 15.1 1.02761 1.07057 0.328182
649 2 418 22.7 0.99413 1.01285 1.35505
650 2 66 20.4 1.00857 1.00168 1.06155
651 1 45 19.1 0.979596 1.03382 1.05102
652 1 30 15.9 1.02497 0.924088 1.43733
653 1 76 15.4 0.951205 0.948711 1.59503
654 2 3 20 0.996098 0 0
655 1 544 17.3 0.994709 1.13569 0.149002
656 1 82 20.2 0.993803 0.974339 1.65171
657 1 354 17.3 0.98444 0.963003 1.52042
658 1 55 18.5 0.968425 1.02188 1.09515
659 2 291 21 1.0034 0.985428 1.48355
660 1 61 15.5 1.08167 0.943643 1.06659
661 1 354 17.6 1.01102 1.00061 1.13604
662 1 75 15.3 1.06997 0.872543 1.72373
663 2 418 22.3 0.892795 1.01423 1.88542
664 2 496 15.3 0.986371 0.925974 1.45094
665 1 70 17.5 1.01415 0.997253 1.09323
666 1 55 16.7 0.979033 0.946834 1.47954
667 2 44 21.2 1.02296 1.04142 0.483064
668 1 551 16.4 0.994441 1.01389 1.03014
669 2 548 24.3 1.05923 0.988587 1.19806
670 2 18 23 1.00943 0.961809 1.42917
671 1 38 16.4 1.00847 1.08486 0.242518
672 2 64 22.6 0.820531 0 0
673 2 539 12.8 0 0.894227 0.256991
674 1 5 18.3 0.980006 1.03017 1.00489
676 2 2 22.2 0.933322 0.963759 1.79852
677 2 17 19.6 1.08572 1.0198 0.379798
678 1 542 17.3 1.06021 0.98289 1.27306
679 2 57 23.7 0.93808 0 0
680 1 7 18.1 0.975642 0.978667 1.39645
681 2 48 21 0.982835 1.01162 0.995966
682 2 64 19.9 0.900651 1.08061 0.832846
683 1 63 16.9 0.979832 0.925265 1.91974
684 1 61 19.4 0.996052 0.914062 2.02313
685 2 78 20.8 1.07728 0.942228 1.31033
686 2 72 21.4 1.0064 1.14104 -0.0598381
687 2 353 19.4 1.03361 0.953149 1.53093
688 2 3 18 1.06826 1.06279 0.232277
689 1 23 16.8 1.01426 1.00379 0.881509
690 1 54 16.6 0.970509 0.98385 1.28924
691 2 1 23.6 0.993805 0.989585 1.45381
692 1 7 18.5 0.962517 1.0003 1.31332
693 2 41 21.1 1.04413 0.943528 1.19024
694 1 5 16 1.03325 1.01025 0.747079
695 2 12 20 1.12491 1.01468 0.440855
696 1 69 19.4 0.96047 1.00671 1.37635
697 2 33 17.9 1.06704 1.03858 0.150508
698 2 67 23.7 0.937414 1.06326 0.985604
699 2 34 21.5 0.981833 1.01744 0.891438
700 2 73 23.4 1.12982 1.07802 9.6262e-05
701 1 31 16.7 1.01697 1.00137 0.886698
702 1 75 16.2 1.03194 0.918179 1.49842
703 2 33 16.6 1.08232 0 0
704 2 35 12.9 1.01985 0.977278 0.341204
705 2 2 18 0.956707 1.11773 0.244503
706 2 353 19 0.965387 0 0
707 1 40 18.3 1.0517 0.995607 0.972485
708 1 38 15.5 1.01328 0.972299 0.959395
709 1 74 22 0.964364 1.09567 0.719947
710 2 17 17.8 1.08333 0.940574 0.9992
711 1 22 13.6 1.00465 1.08295 -0.0484577
712 2 72 19 0.960893 0.981581 1.29458
713 2 216 20.3 1.09944 0.966278 1.04926
714 1 82 19.4 1.04231 1.01735 0.916697
715 2 105 23.7 1.08038 0.998861 0.940317
716 2 106 17.1 1.10221 0.997837 0.43819
717 1 109 18.6 0.99857 1.13398 0.110799
718 1 157 14.8 0.987727 1.02287 0.643183
719 2 107 15.2 1.03881 1.0561 0.0926084
720 2 139 24.4 1.10582 0.995108 0.935821
721 1 96 13.3 1.02354 0.979717 0.688594
722 1 110 14.4 1.07497 0.966319 0.77957
723 2 146 25.2 0.871684 1.06367 0.751973
724 2 79 22.4 1.01575 1.02211 0.977842
725 2 126 23.3 1.06804 0.986508 1.1786
726 2 133 21.9 1.01243 0.977373 1.22724
727 2 140 21.4 1.04642 0.950122 1.52526
728 2 86 22.1 1.05555 0.978086 1.18177
729 2 113 21.3 1.00582 0.996148 1.20119
730 1 100 19.6 0.982121 1.0522 0.829664
731 1 142 18.9 1.05513 1.02165 0.880987
732 1 96 12.7 1.03244 1.01589 0.347664
733 1 109 19.9 0.986451 1.10517 0.375783
734 1 158 20.6 1.0129 0.983776 1.32717
735 2 112 22.4 0.958114 1.0877 0.584309
736 1 94 18.4 0.955837 1.07125 0.743877
737 1 160 16.2 0.98239 0.969527 1.20817
738 2 112 22.3 1.05682 0.999577 0.846768
739 2 104 22.8 1.09337 0.979369 1.21753
740 1 115 18.5 1.03005 1.00713 1.10755
741 1 118 15.4 0.943802 1.01875 0.912599
742 1 124 19.4 1.0124 0.965985 1.48616
743 1 110 14.2 1.07433 0.998292 0.47957
744 1 116 18.5 1.08774 1.0308 0.554394
745 2 155 25.6 1.01235 0.998338 1.22672
746 2 107 23.8 1.06735 1.02296 0.740317
747 2 119 20.9 1.14505 1.01636 0.418203
748 2 114 22.7 1.00517 0.98549 1.39149
749 2 114 17.9 1.05097 1.00208 0.837465
750 1 122 16.6 0.99095 0.932064 1.53932
751 2 97 21.6 1.02044 0.996767 1.08111
752 2 98 22.4 1.05674 0.980862 1.07858
753 1 143 18.6 1.00256 1.05654 0.707565
754 2 140 17.2 1.04711 0.903335 1.55436
755 1 123 16.1 1.02093 0.953242 1.24775
756 1 88 17.4 0.989238 1.04277 0.691919
757 2 121 22.5 0.955191 1.08158 0.773883
758 2 79 19.7 1.11575 1.03501 0.318773
759 2 132 20.8 1.08193 1.12167 -0.231827
760 2 132 22.5 1.00553 1.02195 0.910366
761 2 141 20.9 1.01095 1.01259 1.05183
762 2 111 23.3 0.986516 0.992107 1.29022
763 1 151 17.7 1.00679 0.910456 1.82119
764 1 122 19.4 1.01945 1.0669 0.527091
765 1 123 17.6 1.02435 0.964356 1.34649
766 1 83 19.3 0.99142 1.095 0.477029
767 1 142 21 1.03922 0.982617 1.44597
768 1 109 19.5 1.00971 1.01399 1.10954
769 1 150 19.3 1.00945 0.984409 1.2693
770 1 108 19.3 1.02213 0.931415 1.77578
771 1 152 20.2 0.97242 0.993923 1.38618
772 2 97 19.1 1.03697 0.961378 1.12456
773 1 160 18.5 0.991386 0.971639 1.3972
774 1 95 19.6 1.02727 0.977917 1.30634
775 2 79 21.2 1.07303 0 0
776 2 105 24.3 1.07609 0.986824 1.115
777 1 143 19.4 1.06366 1.01583 0.862848
778 1 159 16.3 1.00105 0.913838 1.67441
780 1 88 16.1 1.03375 0.938794 1.31723
781 1 95 17.7 1.0074 1.00221 1.05949
782 2 140 17.8 1.02073 0.942752 1.39655
783 2 98 24.1 1.07136 0.968868 1.13387
784 2 125 19.9 0.955516 1.07319 0.652419
785 2 141 20.9 1.0142 0.922203 1.8012
786 2 85 19.6 1.06522 0.988632 0.808347
787 2 111 23.7 0.963203 0.999892 1.29866
788 2 121 24.5 1.01495 0.965822 1.56883
789 2 97 21.3 1.07407 1.05527 0.35453
790 2 97 21.4 1.02813 0.980341 1.15579
791 1 102 20.2 1.03825 1.02285 0.969332
792 2 146 26.4 0.932564 1.06366 1.0026
793 1 130 20.9 1.04892 1.07739 0.425893
794 2 91 21.3 0.946999 1.01523 1.26283
795 2 139 22.6 1.06847 1.01698 0.763661
796 2 147 18.7 1.0867 0.969176 1.15828
797 1 117 19.2 0.922533 0.954001 1.98476
798 2 119 21.2 1.0588 1.02173 0.754482
799 1 103 19.8 1.04191 1.03733 0.769332
800 1 82 20.3 1.02354 1.05935 0.691382
801 1 108 17.7 0.967855 1.05632 0.788008
802 1 144 17.2 1.01156 1.05209 0.608828
803 2 139 23.3 0.996584 0.969337 1.47336
804 1 160 18.1 1.05369 0.946761 1.40438
805 2 153 23.4 0.987851 0.97979 1.33768
806 2 112 22.4 1.0274 0.996597 1.08178
807 1 94 18.9 0.961947 1.0095 1.30168
808 1 129 20.1 1.03395 1.00723 1.03559
809 1 158 18.9 0.997529 0.967901 1.45501
810 1 152 21.8 1.04828 1.02671 1.71402
811 1 145 15.8 1.00978 0.913044 1.60165
812 2 91 24.1 0.965909 1.03944 0.974657
813 1 87 18.7 1.02734 0.960756 1.41471
814 2 134 21.7 1.02268 1.03882 0.912891
815 1 83 17.5 1.03892 0.947163 1.40234
816 1 129 19.8 1.0121 0.960641 1.51998
817 1 130 20.9 1.05178 0.999161 1.17652
818 2 133 18.4 0.967172 0.895688 2.09262
819 1 151 17.5 1.02613 1.01573 0.762123
820 2 125 23.1 0 0.979158 0.766374
821 1 102 16.7 1.01307 0.992085 1.03219
822 1 143 18.2 1.0264 0.98563 1.15693
823 2 121 25.5 1.03119 1.07378 0.500064
824 1 94 20.1 0.954662 0.986965 1.60042
825 1 110 14.3 1.08437 1.03877 0.128938
826 1 96 11.9 1.01065 1.02076 0.257364
827 2 84 20.4 0.961507 0.95982 1.53619
828 1 100 20.6 0.970372 0.9689 1.64528
829 2 106 18.9 1.10979 0.973075 0.777858
830 1 143 17.2 1.00149 0.967764 1.30039
831 2 141 23.2 0.986371 1.00495 1.28306
832 2 86 22.7 1.13202 1.02071 0.477982
833 1 123 19.8 0.972185 1.01237 1.27898
835 1 95 17.9 0.994407 1.04303 0.759491
836 1 142 18.7 1.07467 0.957882 1.33036
837 1 124 17.3 0.999342 1.04203 0.697123
838 2 99 22.8 1.05064 1.0004 0.995461
839 2 99 22.9 1.02769 1.04881 0.612338
840 2 93 23 0.995935 1.09119 0.408411
841 1 158 19.5 1.05366 1.00214 0.87654
842 1 128 16.2 0.939892 1.04143 0.935991
843 2 140 20 1.10085 1.06994 0.166186
844 1 123 18.3 1.00062 0.934557 1.68742
845 1 88 17.3 0.987861 0.98309 1.25099
846 1 145 13.2 0.973058 0.955198 0.997
847 2 148 21.8 1.01791 1.03606 0.813567
848 2 86 22.5 1.00265 1.01758 1.18429
849 1 102 19.4 1.00629 1.0703 0.59591
850 2 107 17.4 1.0632 0.96037 0.922576
851 2 90 16 1.07724 0.9395 0.896583
852 2 84 21.6 0.989764 1.0324 0.842101
853 1 150 18.3 1.02871 1.01096 0.953684
854 2 125 24.6 1.02708 1.00891 1.15328
855 1 128 15.2 0.973964 0.996944 0.943167
856 1 144 18 1.0218 1.0274 0.748496
857 2 133 18.7 1.06768 0.919375 1.45508
858 2 99 21.1 1.01311 1.02386 0.840178
859 2 104 21.7 1.08605 0.906022 1.7344
860 1 89 16 1.03378 1.00752 0.717234
861 1 81 18.8 1.01488 0.996525 1.10952
862 2 119 25.2 1.07746 0.977461 1.23256
863 2 106 16.2 1.07251 0.999212 0.599785
864 2 156 18.8 1.04584 1.01175 0.607718
865 1 118 18.3 0.957959 1.02114 1.15944
866 2 85 21.6 1.13754 0.96743 0.828613
867 2 146 20.6 0.861398 0.970069 1.97895
868 1 130 19.3 1.04644 0.916766 1.79466
869 2 126 22.5 1.04505 1.06638 0.454546
870 2 147 24.1 1.04249 1.03371 0.86885
871 2 133 18.5 1.08179 0.910778 1.3707
872 1 151 16.2 1.04838 0.985353 0.829631
873 2 86 21.3 1.05472 1.0458 0.549277
874 1 128 16.8 0.973561 0.99964 1.15034
875 1 103 18.4 1.05647 1.0228 0.787471
876 1 88 18.1 0.97007 1.09952 0.425673
877 2 84 21.1 0.99496 1.07442 0.526486
878 2 114 21.5 1.02608 0.985857 1.23368
879 1 110 14.6 1.06081 0.959989 0.87957
880 1 115 15.5 0.99436 0.941286 1.34383
881 2 79 17.9 1.07753 0.94525 1.07193
882 2 80 20.2 0.99354 0.977639 1.331
883 2 148 25.2 0.995393 1.03043 1.06041
884 2 98 24.1 1.04335 1.01938 0.88576
885 2 107 19.5 1.09889 1.01005 0.56942
886 1 87 19.8 1.05745 1.00039 1.05438
887 1 149 21.7 1.00317 0.976631 1.66804
888 1 101 17.1 0.955837 0.996046 1.25033
889 1 102 16.5 0.98051 1.01609 0.941889
890 2 146 25 0.984134 0.998132 1.43636
891 1 101 19.6 0.948821 0.963838 1.67186
892 2 153 22.3 1.02621 1.01972 0.955824
893 1 117 17.9 1.00482 0.938716 1.64974
894 1 81 21.3 1.09313 1.05584 0.521349
895 1 157 17.2 1.01562 0.930895 1.5394
896 2 125 24.3 1.02311 0.974746 1.52079
897 1 83 18.9 0.983833 1.07576 0.62766
898 2 84 18.8 1.0405 0.920027 1.44336
899 2 80 24.6 1.1511 0.981137 0.912461
900 1 115 19.3 1.03132 0.983592 1.23878
901 2 97 21.4 1.02264 0.992334 1.07267
902 1 95 20 0.988801 1.02346 1.07384
903 1 87 17.2 0.980913 0.994195 1.19318
904 2 120 24.3 1.02224 0.981622 1.33508
905 2 92 21.9 1.05516 1.00922 0.874657
906 2 138 15.5 1.10286 0.951739 0.74592
907 2 139 21.5 1.04422 0.948219 1.44087
908 1 151 16.7 0.988163 1.03009 0.781524
909 1 109 20.2 1.05429 0.974544 1.29014
910 1 118 17.8 0.934318 0.978908 1.55227
911 2 156 18.9 1.05234 1.00073 0.682402
912 1 100 19.7 1.00639 1.0329 1.07186
913 1 116 20.5 1.00594 1.03078 1.00502
914 1 83 17.5 0.984337 1.07262 0.537361
915 2 147 20.8 1.05761 0.990147 0.962936
916 1 95 20.5 0.977086 1.03458 1.08228
917 2 80 20.1 0.967326 1.0622 0.715383
918 1 124 18.2 1.01106 0.931392 1.67055
919 1 89 15.1 1.00236 0.990624 0.894443
920 1 158 20 0.995112 0.93563 1.87906
921 2 98 23.3 1.03855 1.01906 0.853268
922 1 123 18.9 0.990413 1.00548 1.22118
923 1 82 18.8 1.00018 1.03308 0.843275
924 1 102 17.7 1.00548 0.987974 1.10561
925 2 156 21.4 1.07049 1.0043 0.661738
926 1 116 18.7 0.96012 0.972951 1.64257
927 2 85 21.8 1.05862 1.06253 0.331138
928 2 134 21.5 1.09922 0.913314 1.66817
929 2 85 19.9 0.987021 0 0
930 1 144 14.6 1.00256 1.08482 0.145106
931 2 146 23.2 0.924697 1.00166 1.54858
932 2 127 22.9 1.0392 0.969768 1.31235
933 1 103 21.6 1.02811 1.04099 1.07777
934 2 134 24 1.00907 1.06424 0.869436
935 1 142 18.3 1.05688 1.08501 0.365373
936 2 91 23.6 0.919861 0 -0.0962404
937 2 104 21.2 0.989114 0.974799 1.46351
938 2 138 18.9 1.06526 0.887869 1.67589
939 1 136 16.8 0.931567 0.9246 1.94836
940 1 102 17.4 0.972319 1.0111 1.0575
941 1 81 17.2 1.03217 0.907266 1.71078
942 1 100 22.6 0.969197 1.01194 1.37651
943 1 144 15.5 1.02791 1.10491 0.0185284
944 1 81 14.8 0.993971 0.925342 1.4652
945 2 105 23.5 1.07702 1.04306 0.599387
946 1 117 19.5 0.976926 0.973149 1.59067
947 1 149 18.9 0.95483 0.98631 1.50558
948 1 89 15.3 1.0029 1.05914 0.360689
949 1 110 16.2 1.06302 1.00044 0.778307
950 1 102 17.2 1.02321 1.06142 0.422487
951 1 94 21 1.02969 1.00709 1.28946
952 2 147 19.7 1.08294 0.982768 0.964198
953 1 152 20.2 1.03318 1.00638 0.975213
954 2 99 21.4 1.00828 1.01912 0.957055
955 2 97 20.4 1.09612 0.977014 0.846092
956 1 128 14.4 0.957213 1.0744 0.445692
957 2 147 22.4 1.11788 1.02127 0.592903
958 1 149 20.2 0.923679 1.00335 1.5887
959 1 157 17.2 0.994038 0.922326 1.69003
960 2 132 19.7 1.00958 1.00864 0.812891
961 1 131 19.2 1.06289 0.935834 1.6031
962 2 90 14.5 1.00568 0.975759 0.751001
963 2 138 16 1.05458 0.980381 0.696551
964 1 88 14 1.03113 1.06358 0.102882
965 1 118 19 0.985016 1.01635 1.05692
966 2 78 22.6 1.0322 0.934323 1.67658
967 1 124 18.7 0.981483 1.03663 0.938054
968 2 121 26.9 1.03228 0.975365 1.54099
969 2 91 24 0.930399 0.990453 1.63499
970 2 119 23.8 1.01921 0.946095 1.73634
971 2 140 21.8 0.963383 0.976024 1.57715
972 2 127 20.5 1.02398 1.00071 0.973948
973 2 134 22.5 1.09229 0.941104 1.51754
974 1 109 19.6 0.983162 1.01857 1.16017
975 1 110 14.8 0.966176 1.01557 0.841164
976 2 138 19.5 1.01957 1.00832 0.902465
977 1 123 20.4 1.08061 0.924943 1.76676
978 2 113 20.6 0.95447 1.09903 0.503711
979 1 83 18.4 0 1.00898 -0.192139
980 1 96 13.4 1.04342 0.955458 0.846401
981 2 132 18.9 1.02939 0.981572 0.97196
982 2 92 22.3 0.990341 1.02533 1.05187
983 1 96 13.8 0.986049 0.950484 1.19829
984 2 111 24 0.950103 0.996921 1.44929
985 2 132 21.7 1.0108 0.998018 1.07787
986 2 156 18.9 1.03975 0.947128 1.28366
987 1 124 14.8 1.02472 0.981317 0.849017
988 2 155 28.9 0.97107 1.01232 1.36639
989 2 127 24.6 0.973632 0.959393 1.72079
990 1 96 13.4 1.01445 0.958993 0.922348
991 1 145 18.4 0.977321 1.01786 1.04976
992 1 109 18.7 1.00307 0.944384 1.69392
993 2 112 22.3 0.969446 1.00212 1.24212
994 2 111 23.7 1.01975 0.973731 1.3974
995 2 119 22.4 1.07508 1.0013 0.843519
996 2 80 21.1 1.04111 0.984395 1.0694
997 1 159 19.1 0.983497 0.930748 1.88033
998 2 147 21.9 1.08457 0.9426 1.47855
999 2 104 20.1 1.07988 0.912216 1.61161
1000 2 133 19.1 0.987418 0.991642 1.0901
1001 2 93 19.5 0.980092 0.987601 1.14595
1002 2 125 26.4 1.04956 0.955722 1.61701
1003 1 108 12.3 0.999722 0.956332 0.918373
1004 1 136 14.9 0.965136 0.908033 1.69899
1005 1 149 17.5 0.93808 1.05591 0.899664
1006 2 98 25.3 1.04783 0.977872 1.20011
1007 2 93 23.1 1.01228 1.05359 0.632464
1008 1 81 16.1 0.981953 1.03237 0.823009
1009 2 92 21.9 1.03964 1.03671 0.767481
1010 2 85 19.6 1.03433 0.936947 1.41805
1011 1 115 18.6 0.935922 1.00661 1.3932
1012 1 87 20.3 1.1031 1.00297 0.877169
1013 1 131 20.2 0.959765 0.949128 2.0647
1014 1 159 19.1 0.938784 1.08499 0.715343
1016 1 122 15.9 0.942208 0.959596 1.50091
1017 2 125 24 1.0068 0.990537 1.32079
1018 2 85 19.9 1.0313 0.966995 1.24336
1019 2 402 23 0.940431 0.956212 1.39521
1020 1 160 17.6 0.980409 0.989545 1.21534
1021 2 299 25.5 0.993775 0.993406 1.29497
1022 1 160 19.3 0.962047 0.969998 1.6394
1023 2 383 25.5 1.07109 0.942858 1.1045
1024 2 325 25.5 1.0217 0.96149 1.51669
1025 1 167 13.4 1.0454 1.00464 0.414618
1026 1 408 18.5 0.985042 0.930284 1.58722
1027 2 298 25.1 0.933519 1.01317 1.54095
1028 1 400 20.9 0.997557 0.99015 1.06004
1030 2 396 23.4 0.982541 0.902963 1.68617
1031 2 154 23 1.0317 1.03915 0.737685
1032 1 175 18.6 1.00354 0.985145 1.29914
1033 1 165 21.1 1.00125 1.02185 1.2505
1034 2 303 23.7 1.04037 0.974456 1.24754
1035 2 325 22.3 0.994202 1.02712 0.871109
1036 2 384 21.6 0.960286 1.05851 0.37958
1037 2 169 19 1.14213 1.13481 -0.677253
1038 1 173 16 0.978328 1.06464 0.435421
1039 2 382 23.1 1.05012 1.01599 0.609547
1040 2 177 21.7 0.996476 0.931478 1.66295
1041 1 165 21.8 0.951003 1.03485 1.22518
1042 1 302 18.7 1.03191 0.949439 1.30386
1043 1 302 17.8 1.00915 0.915211 1.68951
1044 1 302 17.3 1.02362 0.981913 1.02326
1045 1 407 18.2 0.941134 1.03452 0.881307
1046 2 178 19.2 1.11026 0.897541 1.42076
1047 2 303 24.7 1.02345 0.955695 1.4294
1048 1 306 17.3 1.01177 0.972721 1.17583
1049 2 154 19.3 1.00041 1.14442 -0.216336
1050 2 179 22.5 1.0291 0.984604 1.14481
1051 2 169 17 1.0697 1.02426 0.336235
1052 1 300 18.7 0.985531 0.982427 1.34014
1053 2 163 20.2 1.04906 0.970301 1.16228
1054 2 329 19.7 0.991315 1.02788 0.63663
1055 1 328 16.6 0.947949 1.10173 0.257206
1056 2 178 23.1 1.06652 0.959732 1.36043
1057 2 161 22 1.0308 0.955528 1.3935
1058 2 178 23.1 1.05497 1.00927 0.750727
1059 1 385 21.5 0.985511 0.938509 1.64966
1060 2 398 21.7 0.948555 0.956419 1.27308
1061 2 397 26.7 0.94804 0.998392 1.2271
1062 2 297 27.9 0.962345 1.00275 1.30088
1063 2 299 26.3 0.995772 0.949336 1.65152
1064 2 305 21.5 0.995517 0.978659 1.25133
1065 1 301 19.3 1.01478 0.984753 1.09542
1066 2 296 25.9 1.0501 1.01918 0.716499
1067 2 403 21.7 0.946999 0.948671 1.4471
1068 2 298 25.8 1.03021 1.00155 1.03464
1069 1 173 16.6 1.07527 1.03978 0.314757
1070 1 301 17.7 0.97534 0.976444 1.38359
1071 1 408 20 0.999912 1.05977 0.543766
1072 2 305 19.9 1.03908 0.989812 0.842889
1073 1 306 14.8 1.02655 0.974652 0.90367
1074 1 328 17.7 0.994172 1.04112 0.60405
1075 2 329 21.3 0.954686 1.04981 0.73663
1076 2 383 24.7 1.08657 1.02897 0.263567
1077 2 381 15.4 1.06509 0.932541 0.465227
1078 1 327 16.6 0.96104 0.998945 1.01501
1079 2 305 22.5 1.007 1.03725 0.716311
1081 1 408 19.3 0.997596 0.955139 1.3944
1082 1 408 21.1 0.974233 0.998898 1.16782
1083 2 381 22.5 0.995872 1.06799 0.202371
1084 2 163 21.3 1.04783 1.01147 0.861013
1085 1 165 18.4 0.956139 0.955717 1.7796
1086 1 174 15.4 1.02955 0.969324 0.967913
1087 1 407 17.5 0.992192 1.03567 0.54629
1088 1 399 16.6 0.975194 1.00327 0.698845
1089 2 163 21.1 1.07277 1.03969 0.493505
1090 1 399 18.4 1.00239 0.931751 1.32881
1091 2 170 21.1 1.10156 0.973696 0.829923
1092 1 385 20.7 1.017 0.975091 1.1581
1093 2 397 26 0.912922 1.07477 0.771818
1094 2 177 19.4 1.01012 0.936326 1.49079
1095 2 296 26.5 1.03463 0.996365 0.999622
1096 1 327 17.7 0.979469 0.995085 1.0378
1098 2 161 22.3 0 0.94138 0.96314
1099 2 163 23.4 0.991604 0.992719 1.28507
1100 1 399 20.5 1.01608 0.979008 1.00097
1101 2 325 22.9 1.06295 1.06028 0.284199
1102 1 175 15.6 1.06265 0.924824 1.3004
1103 1 167 17.4 1.0694 0.983848 0.850499
1104 2 179 25.5 0.981499 1.02136 1.10136
1105 2 179 25 1.00532 1.11839 0.24355
1106 2 299 20.4 0.913522 1.04061 0.995368
1107 1 181 19.4 1.05335 0.986116 1.26931
1108 1 302 16.3 0.981743 1.02737 0.767977
1109 1 399 18.4 0.973275 0.971233 1.16383
1110 2 172 20.5 1.09186 0.944393 1.14806
1111 1 166 18 1.00347 0.994374 1.11083
1112 2 170 19.3 1.03397 0.997802 0.784341
1113 2 176 25 0.98998 1.00825 1.33637
1114 2 177 21.8 0.991279 0.902634 1.96295
1115 1 406 20.9 1.02072 0.903908 1.81593
1116 1 407 18.3 1.02254 0.922028 1.51127
1117 1 386 18 0.99207 1.09798 0.11252
1118 1 183 15.9 0.995213 1.02388 0.749049
1119 1 175 17.8 0.996589 0.937566 1.7004
1120 2 162 24.2 1.12322 0.991215 0.939087
1121 2 179 12.1 0.918607 0.968337 0.75996
1122 1 385 19.4 0.932268 0.988944 1.38847
1123 2 154 22.7 0.99579 0.960656 1.53895
1124 1 166 18.3 1.02348 0.965915 1.37708
1125 2 405 24.5 0.978293 0.922813 1.69269
1126 2 305 21.2 1.00345 0.973341 1.2682
1127 1 182 18.6 0.974971 0.997852 1.22965
1128 1 300 19.7 0.979009 1.10958 0.397944
1129 2 303 20.7 0.986547 0.957156 1.47791
1130 2 384 23.7 1.03089 1.03824 0.501108
1131 1 327 16.8 0.985512 1.07471 0.330628
1132 1 180 17.6 0.995951 0.997408 1.03809
1133 2 299 19.1 0.939088 1.0516 0.762876
1134 1 165 19.1 0.955904 1.0701 0.761462
1135 1 386 17.1 1.03077 1.04624 0.236574
1136 1 301 19.4 1.0454 0.92577 1.76293
1137 2 297 27.2 1.0192 0.985828 1.17431
1138 2 396 20.8 0.985888 1.0544 0.281519
1139 1 386 19.2 0.984257 1.03099 0.652188
1140 1 302 15.8 0.998932 1.01227 0.734222
1141 2 161 22.6 1.07702 0.914742 1.56566
1142 1 182 17.1 1.04238 0.951552 1.3634
1143 1 326 17.6 1.00874 1.06387 0.412489
1144 2 325 23.1 0.968977 0.993947 1.18672
1146 1 328 18.3 0.966948 1.12178 0.16312
1147 2 396 18.9 1.02096 0.940581 0.864641
1149 1 408 20.9 0.99951 1.09629 0.191872
1150 1 174 18.4 1.02304 0.998595 0.99788
1151 1 167 18.2 1.04738 0.959215 1.28425
1152 2 179 26.2 0.983737 1.00075 1.39292
1153 1 385 18.3 0.955932 1.05759 0.588467
1154 1 181 18.8 1.03331 0.908496 1.87775
1155 2 405 22.7 0.961811 0.980919 1.05302
1156 1 167 17 1.03022 0.994598 0.944585
1157 2 154 22.5 0.997703 1.0686 0.513632
1159 1 327 17.3 0.991487 1.02179 0.76312
1160 1 406 22.2 0.982658 1.00612 1.18343
1161 2 329 23.9 0.981283 1.05071 0.732843
1162 2 398 23.7 0.998658 0.886398 1.83554
1163 1 406 17.6 0.988868 0.93309 1.44629
1164 2 404 28.2 0.987021 1.11033 0.0888986
1165 1 386 19.1 1.03036 1.03599 0.450926
1166 2 382 24.2 1.00522 1.0307 0.491407
1167 2 397 25.5 0.936455 1.04299 0.954941
1168 2 381 16.9 1.01442 0.97762 0.566489
1169 1 166 15.8 0.981114 1.09005 0.323056
1170 2 164 21 0.999977 0.965681 1.37915
1171 1 180 15.8 1.00525 0.982599 1.01529
1172 2 172 20.8 0.987923 1.10834 0.260288
1173 1 175 17.9 0.993165 0.982981 1.26665
1174 1 301 19.1 0.977984 0.969628 1.54014
1175 1 328 16.9 0.958086 1.03124 0.823452
1176 2 297 24.7 1.00925 0.986164 1.11058
1177 1 166 19.3 1.02361 0.919153 1.85894
1178 2 171 20.9 0.965007 1.14864 -0.0734662
1179 2 296 24.9 0.994134 0.97227 1.38653
1180 1 180 16.2 1.01811 1.07876 0.239348
1181 2 296 26.1 0.950927 1.04798 0.928724
1182 2 402 21.2 0.962228 0.947373 1.30491
1183 2 305 21.5 1.00607 0.997396 0.97538
1184 2 172 22.7 1.08904 0.957523 1.14554
1185 2 164 17.9 0.970096 1.01826 0.842009
1186 2 402 21.9 0.96858 0.895523 1.8374
1187 1 168 17.8 0.95191 0.954602 1.73023
1188 2 169 17.5 1.1195 1.01259 0.191517
1189 1 174 17.6 1.04241 1.09229 0.140073
1190 1 327 17.1 0.98051 1.05646 0.522189
1191 1 301 18.3 1.01031 0.946333 1.43887
1192 2 383 25.8 1.04106 1.02416 0.438252
1193 1 407 19.8 1.00522 0.910447 1.82689
1194 2 330 23.2 1.05696 0.954595 1.28939
1195 1 181 22.2 0.996522 1.01679 1.34274
1196 2 172 22.6 1.02076 1.07988 0.356501
1197 2 177 20.4 0.976122 0.956583 1.45704
1198 2 163 20.9 1.03419 1.06906 0.487591
1199 2 404 25.1 1.0439 0 0
1200 2 162 22.4 0 0.991632 0.655964
1201 1 180 17.8 1.04258 1.0214 0.736823
1203 2 382 23.8 1.04652 0.9326 1.20702
1204 1 300 15.7 0.984714 0.96635 1.24392
1205 2 403 25 1.0007 1.1165 -0.0916997
1206 2 154 23.6 1.0234 0.919454 1.89549
1208 2 176 22.9 0.997984 0.933779 1.85451
1209 2 398 22 0.979554 1.04113 0.556203
1210 1 168 19.8 0.993199 0.999344 1.3602
1211 2 382 24.4 0.967317 1.03977 0.609547
1212 2 397 26.6 0.914724 1.00462 1.39587
1213 1 326 19.4 0.985881 1.07506 0.477472
1214 2 384 21.3 1.05856 0.993443 0.534862
1215 2 298 23.8 0.9338 0.9715 1.79158
1216 2 398 24.2 0.961841 0.959623 1.31149
1217 1 182 20.9 0.985344 1.00818 1.38619
1218 2 405 25.1 0.892963 0.972834 1.58677
1219 1 173 17.2 1.04187 0.950767 1.2907
1220 2 163 21.9 1.01907 0.970624 1.42852
1221 1 306 18.6 1.00244 0.925695 1.83364
1222 2 171 22.8 1.03354 0.96768 1.32275
1223 2 397 27.4 0.943355 1.01427 1.00052
1224 1 328 16.3 0.930762 1.16765 -0.14997
1225 1 326 17.5 1.03147 1.04733 0.478735
1226 2 172 23.1 0.995466 1.03066 0.864939
1227 1 189 19 0.965941 0.996225 1.23097
1228 2 200 26.1 0.975725 0.935013 1.84555
1229 1 254 19.1 1.01975 1.08781 0.291412
1230 2 193 21.9 1.07865 0.961779 1.14289
1231 2 411 29.3 0.963455 0.974266 1.44346
1232 2 365 24.5 1.04461 0.982766 1.07126
1233 1 392 20.5 1.08224 0.93075 0.958242
1234 1 188 19.1 1.02056 0.925434 1.67908
1235 1 417 17.6 0.969936 1.09061 0.176795
1236 2 343 26.6 1.07594 1.04861 0.382416
1237 1 366 16.3 1.02831 0.952146 1.24427
1238 2 191 24.4 0.959991 0.905199 2.14289
1239 1 378 15.6 1.04695 1.04696 -0.034861
1240 2 316 26.9 1.00276 0.996718 1.13429
1241 2 413 26.3 0.885541 0.989756 1.51601
1242 2 425 28 0.923001 1.01575 1.16805
1243 1 321 17.2 1.01505 1.0285 0.598861
1244 2 358 23.9 1.00153 1.02587 0.893916
1245 2 359 21.2 1.05217 1.04568 0.344547
1246 1 320 16.3 0.971446 0.968158 1.2267
1247 1 190 16.5 0.97957 0.900221 1.84194
1248 2 198 21.9 1.01122 1.01555 0.928537
1249 2 336 23.8 0.984143 0.992094 1.20885
1250 2 346 22.1 1.02475 0.984156 1.06467
1251 1 415 18 0.975374 1.12513 -0.0653979
1252 1 416 19.9 0.98202 0.988636 1.15739
1253 1 378 16.8 1.00308 1.00324 0.582016
1254 1 372 19.2 0.965136 1.05165 0.735897
1255 1 378 17.8 1.01532 0.975636 0.872315
1256 2 199 21.8 1.02257 1.0102 0.857779
1257 1 415 18.4 0.920792 0.987375 1.17679
1258 1 367 17.9 0.984944 0 0
1259 2 359 20.2 1.06683 0.935149 1.18674
1260 1 190 17.8 1.01525 0.990662 1.02254
1261 2 343 26.7 1.10351 1.02393 0.489592
1262 1 366 15.4 1.0101 1.00127 0.694902
1263 1 319 19.6 1.00139 0.994522 1.10478
1264 2 192 20 1.07656 0.985047 0.769467
1265 2 344 23.8 0.962478 1.00502 1.15624
1266 2 371 23.1 1.06035 1.02911 0.541362
1267 2 194 18.7 1.07998 0.929589 1.24668
1268 1 196 18.5 1.00659 1.00405 0.951777
1269 2 390 23.6 0.992209 1.06084 0.323174
1270 1 322 19 0.992359 1.03028 0.780722
1271 1 414 18.8 0.986503 1.1522 -0.283537
1272 2 187 20.5 0.983917 0.979895 1.12461
1273 1 350 20.4 1.03825 1.02764 0.769775
1274 2 186 19.3 1.04848 0.97647 0.916172
1275 1 341 13 1.00313 0.938948 0.932492
1276 2 346 19.5 1.03062 0.993659 0.716568
1277 2 357 19.3 0.965745 0.975618 1.12428
1278 2 344 22.2 1.01923 0.964793 1.27311
1279 1 377 18.2 1.01055 0.940548 1.28075
1280 2 337 22.6 0.957733 1.01262 1.12826
1281 1 342 18.4 1.0053 1.03059 0.743057
1282 1 314 19.5 0.986284 0.996446 1.19241
1283 2 345 21.6 1.02035 0.975396 1.08999
1286 1 373 17.6 0.99152 1.01387 0.735897
1287 2 388 25 1.00395 1.01058 0.779719
1288 2 338 21.7 0.994722 1.06371 0.511379
1289 2 364 21.4 0.98778 0.982309 1.32821
1290 2 376 23.5 0.998011 1.06258 0.397182
1291 1 195 16 1.01894 1.06699 0.338687
1292 2 330 24.4 1.03426 1.03774 0.605003
1293 2 337 22 1.00655 0.99504 1.00168
1294 1 189 16.7 1.00371 0.944508 1.3238
1295 1 366 16 1.0032 1.00515 0.786464
1296 2 369 23.5 0.909648 1.02706 1.02827
1297 2 357 22.3 0.983909 1.01091 0.878301
1298 2 331 24.2 0.994888 0.985415 1.23158
1299 1 443 21.4 0.992863 0.99978 1.06657
1300 2 309 20.8 1.00893 0.951191 1.24385
1301 1 313 16.2 1.01421 0.926531 1.42025
1302 2 331 25 0.98186 1.04258 0.823142
1303 2 269 19.8 1.00135 1.03962 0.624594
1304 2 311 22.5 1.03069 0.988381 0.975084
1305 2 363 23.5 1.03952 1.08352 0.197843
1306 2 434 22.7 0.933306 0.966554 1.40909
1307 2 284 22.5 0.999889 1.03594 0.683867
1308 2 358 21.3 1.00347 1.04517 0.647072
1309 1 393 17.4 1.06656 0.966507 0.891131
1310 1 373 17.9 1.03617 0.945006 1.19244
1311 2 184 20.6 0.953351 0.96141 1.3668
1312 1 431 20 1.0175 0.981954 0.968496
1313 2 375 22.9 0.980946 0.966125 1.30688
1314 1 366 16.3 0.986016 1.01479 0.820218
1315 2 410 22.4 0.901312 0.954725 1.61136
1316 1 188 18.1 1.00109 0.997528 1.0141
1317 1 350 19.3 1.00642 1.02253 0.830107
1318 1 348 17.4 1.00154 1.03298 0.598877
1319 2 336 23.7 0.987838 1.00263 1.14261
1320 1 314 18.2 0.989506 1.03267 0.878058
1321 1 334 19 1.00498 1.05168 0.53203
1322 2 345 22.7 0.992661 0.984078 1.1478
1323 1 189 18.6 0.987593 0.951786 1.49722
1324 1 391 15 0.971229 0.98122 0.804619
1325 1 361 16.2 0.999632 1.09974 0.064398
1326 2 375 21.8 1.00463 0.965676 1.09001
1327 1 206 19.8 0.993569 1.02901 0.855704
1328 1 436 15.2 0.968117 0.925044 1.26987
1329 1 341 18.1 1.01486 1.02502 0.776811
1330 1 367 19.5 0.909015 0 0
1331 2 208 27.2 0.965188 1.0484 0.984496
1332 2 191 20.1 0.989547 0.974261 1.18887
1333 1 415 17.9 0.982591 0.946564 1.24178
1334 2 395 17.4 1.02198 0.980813 0.365904
1335 1 349 18.2 0.998369 1.00569 1.01575
1336 1 347 18.1 1.05243 0.971794 1.03011
1337 2 370 21.7 0.979298 1.02854 0.762026
1338 2 198 21.4 1.05406 0.975593 0.976644
1339 1 308 20.5 1.01659 1.05663 0.697358
1340 1 245 17.5 0.955569 1.09089 0.415326
1341 2 375 22.4 1.02959 0.949075 1.14655
1342 1 394 20.6 1.02822 0.93451 1.31984
1344 1 188 19.9 0.961745 0.946396 1.74659
1345 1 414 15.9 1.01501 0.983064 0.676795
1346 1 380 18.2 0.990525 0.955148 1.2567
1347 1 360 16.6 0.978665 1.05807 0.472836
1348 1 386 15.4 1.03923 1.02306 0.339098
1350 1 342 19.1 1.02753 0.982981 1.10804
1351 2 339 26.9 0.946998 0.996331 1.45696
1352 2 410 24 0.940756 0.994354 1.15821
1353 2 259 20.2 0.943852 0.934718 1.67329
1354 2 236 22 1.04094 0.963789 1.15653
1355 2 242 20.9 1.01438 1.01894 0.747369
1356 1 279 16.9 1.07679 0.993489 0.52392
1357 1 394 18.4 0.971937 1.03016 0.675516
1358 2 243 20.8 0.978468 1.05919 0.573947
1359 1 264 20.9 1.06694 0.932288 1.66165
1360 1 259 19.6 1.02716 0 0
1361 2 277 18.7 1.03972 0.922755 1.12726
1362 2 304 21.6 1.01869 0.973997 1.10787
1363 1 224 16.9 1.03567 0.98143 0.960167
1364 2 201 25.4 1.07739 0.998137 0.876783
1365 1 322 16.7 0.974736 1.01257 0.892947
1366 1 183 18.3 1.07855 1.00033 1.08745
1367 2 343 27.6 1.1032 0.981741 0.905207
1368 2 199 22.3 1.02656 0.982844 1.09027
1369 2 192 20.8 1.10813 0.981388 0.675381
1370 1 349 19.1 0.990358 0.967841 1.45668
1371 2 359 20.8 1.03023 1.00706 0.754248
1372 1 393 18.8 0.886108 1.05482 1.00462
1373 1 391 17.6 1.0028 0.974612 0.958639
1374 2 411 28.4 1.00911 0.967895 1.28439
1375 2 336 20.7 0.980175 0.978407 1.21264
1376 1 372 19.2 0.99679 1.02314 0.834635
1377 2 370 25.7 1.064 0.945561 1.40508
1378 1 416 17.5 0.984471 1.12933 -0.106328
1379 1 368 14.4 1.01855 0.950388 0.953972
1380 2 346 20.8 1.04669 0.982063 0.906867
1381 1 335 18.4 1.01492 1.02733 0.665784
1382 1 340 17.6 0.946835 0.987696 1.28777
1383 2 325 23.2 1.00568 1.07143 0.402339
1384 1 391 17.9 0.99295 0.985095 1.02615
1385 2 344 25.2 0.985271 1.01159 1.0959
1386 1 431 21.3 1.09823 1.00284 0.488762
1387 1 319 18.3 1.0141 1.12003 0.124177
1388 1 196 16.4 0.946975 0.970185 1.34839
1389 1 393 17.6 1.03563 0.974612 0.958639
1390 1 320 19.2 1.03697 0.972146 1.15414
1391 2 317 22.9 1.06172 1.09655 -0.0209893
1392 2 389 22.7 1.04106 0.920864 1.39786
1393 2 199 23.6 1.03669 0.959299 1.38901
1394 2 330 22.8 1.14361 0.99119 0.578425
1395 1 341 18.6 0.995446 1.02386 0.851496
1396 2 343 25.9 1.05657 1.0647 0.292117
1397 2 344 22.5 0.947775 0.937003 1.85032
1398 2 330 24.1 1.07591 0.982491 0.878425
1399 2 323 23.6 0.967064 1.006 1.24579
1400 1 350 17.5 1.02464 0.963437 1.16512
1401 2 277 21.5 1.06333 0.956434 0.889717
1402 1 224 17.8 0.980886 1.00593 1.00236
1403 2 310 19.7 1.05505 0.93852 1.14385
1404 2 284 20 1.04871 1.06911 -0.0330096
1405 2 210 23.7 0.885794 1.01254 1.49925
1406 1 274 18.8 0.998972 0.986366 1.14531
1407 1 205 15.6 1.01836 0.951818 1.06793
1408 1 273 18.1 0.948519 0.968744 1.46471
1409 2 223 26.8 1.00979 0.980586 1.31248
1410 1 213 20.9 0.888163 0.995945 1.69717
1411 1 211 21.5 0.947949 1.02119 1.30308
1412 1 259 20.1 0.974209 0 0
1413 2 281 23.5 1.07732 1.01744 0.571642
1414 2 237 20.5 1.08615 0.951858 0.880586
1415 2 318 18 1.10849 1.10118 -0.341256
1416 1 280 16.3 0 0.927739 0.166977
1417 1 233 19.2 1.02274 0.991769 1.05053
1418 1 288 16.2 1.02897 0.968401 0.994017
1419 2 411 26.5 1.01892 0.973408 1.09409
1420 1 287 18.7 1.06249 0.971648 1.10711
1421 1 226 19.2 0.993769 0.96156 1.41671
1422 1 417 19 1.00857 1.0123 0.7152
1423 2 357 20.7 0.997717 0.985644 1.03019
1424 2 262 25.1 0.962806 0.963271 1.57216
1425 1 265 18.6 0.975139 0.986652 1.24982
1426 2 389 26.5 1.04452 0.919796 1.50969
1427 1 360 17.8 1.00811 0.993067 0.953435
1428 1 279 18.2 1.11848 0.987012 0.411695
1429 2 444 26.6 1.0116 0.910481 1.91224
1430 2 337 22.5 1.0675 0.965343 1.15822
1431 2 412 24 0.838383 0 0
1432 2 413 26.9 0.932961 1.03486 0.96412
1433 1 378 15.1 1.00158 1.0222 0.50268
1434 2 187 21.4 0.98583 0.950468 1.44866
1435 1 361 17.3 1.00169 0.997851 0.971574
1436 1 361 19.9 0.98545 0.977588 1.28466
1437 2 223 26.2 0.95317 0.939772 1.915
1438 1 443 21.3 0.978529 0.989962 1.23408
1439 1 416 19.1 0.962685 1.07149 0.500848
1440 2 242 18.8 1.00373 0.936038 1.34989
1441 2 228 22.1 1.00171 1.02591 0.727291
1442 2 191 22.2 1.0645 1.02409 0.634451
1444 2 395 20.8 0.972912 0.949734 1.18996
1445 1 347 16 1.00306 1.0536 0.342332
1446 2 364 19.9 1.06995 1.01347 0.601629
1447 1 196 18 0.997227 0.928758 1.6446
1448 1 362 19.5 1.00728 1.00315 1.00998
1449 2 186 19.9 1.05324 0.929833 1.34866
1450 2 198 19.6 0.973996 1.04025 0.707008
1451 1 416 20.4 0.984639 1.1008 0.147692
1452 1 320 17.2 1.00115 0.938905 1.46637
1453 1 417 18.5 1.01703 0.882306 1.85739
1454 2 185 26.6 0.960352 0.974996 1.57737
1455 1 373 18.2 0.98145 1.02843 0.735897
1456 2 395 23.5 0.974096 1.0032 0.862117
1457 2 375 21.1 1.01801 0.96296 0.998444
1458 1 195 14.9 0.984303 0.977581 0.965265
1459 2 316 24.9 0.980381 1.00654 1.08745
1461 2 376 24 0.966065 1.00272 0.988743
1462 1 379 18.8 0.968997 0.937632 1.58202
1463 2 370 25.2 0.997089 0.985468 1.15698
1464 1 361 18.6 0.942892 1.02316 1.18971
1465 2 187 20.1 1.03509 0.976165 0.881156
1466 2 194 18.2 1.07757 0.980063 0.831062
1467 1 342 19.5 0.993569 1.06583 0.600865
1468 2 185 22.4 0.998136 0.93322 1.63896
1469 2 317 23.3 1.0313 1.09254 0.0958877
1470 2 390 23.5 1.02172 0.956051 1.18098
1471 2 412 25.4 0.935415 1.0248 0.948505
1472 2 317 25.5 1.06443 1.07194 0.234293
1473 1 190 16.8 0.878006 0 0
1474 2 346 21.6 1.02879 1.01896 0.656236
1475 2 375 23.3 1.02568 0.941855 1.27904
1476 2 425 27 0.900301 1.09506 0.51994
1477 2 358 19.8 1.08399 0.949632 1.01206
1478 1 372 19.7 0.966411 1.02422 0.968389
1479 1 387 20.6 1.0277 0.992623 0.907471
1480 1 188 17.4 0.976784 0.963912 1.35755
1481 2 200 18.2 0.98536 0.951064 1.27127
1482 2 192 13.5 0 0.963167 -0.136446
1483 2 412 23.7 0.939421 0.967443 1.35821
1484 1 394 20.2 1.03298 0.982318 0.870467
1485 1 319 20.1 1.01025 1.03835 0.77946
1486 2 192 20.4 1.08233 0.957559 1.03571
1487 2 331 24.4 0.991785 1.10352 0.265335
1488 2 345 20.3 0.952171 0.954008 1.54441
1489 2 371 21.5 1.01279 1.08136 0.177641
1490 1 367 17.4 0.981378 0 0
1491 1 391 19.3 0.974813 0.944667 1.49113
1492 1 342 16.9 0.999921 1.02525 0.703389
1493 2 376 25.7 1.02852 0.951575 1.21745
1494 1 342 18.9 0.973504 1.06794 0.576811
1495 1 379 17.7 0.98855 0.945406 1.30733
1496 1 195 18 1.00854 1.03478 0.795232
1497 1 414 17.5 1.12485 0.948035 0.452344
1498 2 323 23.5 0.978396 0.969819 1.49516
1499 1 196 18.4 1.03234 0.974608 1.06739
1500 1 392 17.8 1.135 0.93738 0.400434
1501 1 233 18.2 0.994139 0.963077 1.27711
1502 1 308 20.9 0.988528 1.0666 0.731112
1503 2 277 18.8 1.07244 1.00354 0.334434
1504 2 331 24 1.04072 0.990897 1.09783
1505 2 186 21.2 0.986804 0.905975 1.89086
1506 2 388 26.9 0.964746 0.934943 1.69533
1507 1 368 12.2 1.10193 0.951214 0.294902
1508 2 330 24 0 1.05212 0.0265315
1509 1 254 14.9 1.00542 1.0767 0.0458305
1510 2 324 19.7 0.978288 1.08285 0.349581
1511 1 335 16.6 1.02892 1.04975 0.283923
1512 2 187 22.3 0.960604 0.93599 1.74023
1513 2 270 18.5 1.04325 1.0466 0.29084
1514 2 231 22.8 0.991712 1.00493 1.02729
1515 2 268 19.8 1.06483 0.956794 0.979877
1516 1 274 18.8 0.986921 1.00141 1.12126
1517 1 379 18 0.981488 0.908089 1.68202
1518 1 342 20.2 1.0267 0.977453 1.13927
1519 2 365 24.2 1.05182 0.990037 1.01346
1520 2 426 26.3 0.869626 0.970278 1.73808
1521 1 348 18.3 0.979567 1.05685 0.64107
1522 1 392 17.9 1.09729 1.03435 -0.0717254
1523 1 189 16.5 1.03936 0.926743 1.39848
1524 1 252 18.6 0.987324 1.13366 -0.00732525
1525 1 190 18.9 0.971379 0.963055 1.59004
1526 1 392 18.5 1.19409 0.911539 0.17007
1527 1 414 15.2 0.989277 0.958432 0.928688
1528 1 225 18.6 0.928882 1.03661 0.893921
1529 2 323 23.6 0.992759 0.949018 1.65297
1530 2 364 20.8 0.993698 0.959033 1.42821
1531 2 357 21.1 0.967106 1.05502 0.589265
1532 1 347 16.2 1.01984 1.09407 -0.0589301
1533 1 368 13.7 1.05081 0.976823 0.520218
1534 2 390 27 1.04186 1.01973 0.592809
1535 1 341 15.5 0.997395 0.968282 1.00465
1536 1 340 16.7 0.967622 0.942731 1.49621
1537 2 339 23.5 0.91487 1.02722 1.07762
1539 1 386 17.2 1.04788 1.03059 0.218434
1540 1 360 17.2 0.998044 0.894462 1.84626
1541 2 412 24.2 0.932672 0.967945 1.5004
1542 2 388 23.2 0.991913 0.985594 0.940051
1543 1 362 17.9 1.00894 0.960648 1.23656
1544 2 358 23.9 0.899584 0.985646 1.68926
1545 2 363 24 0.972226 1.12577 0.18349
1546 1 350 19.1 1.07636 0.954095 1.16134
1547 1 332 19.7 1.00844 0.995903 1.08984
1548 2 318 16.7 1.0352 1.08119 -0.0712228
1549 2 389 25.9 1.02638 0.976758 1.0447
1550 1 379 19.6 1.00609 0.958272 1.30481
1551 2 358 21.6 1.03109 0.977534 1.13737
1552 2 357 21.4 0.986632 0.985344 1.05425
1553 2 425 28.7 0.945628 1.11137 0.300538
1554 2 317 22.2 1.07356 0.990256 0.804326
1555 2 318 20.5 1.01412 1.02695 0.599675
1556 1 319 19 0.993937 1.07933 0.397599
1557 2 330 24.1 0.997739 1.00506 1.03158
1558 1 321 17.5 0.989909 1.0499 0.532615
1559 2 198 19.8 1.012 0.931354 1.4298
1560 1 349 19.3 0.965709 0.984862 1.39044
1561 1 348 17.9 0.98249 0.998861 1.02419
1562 2 316 26.3 0.963203 0.944948 1.8115
1563 2 324 21 1.00496 1.07796 0.389249
1564 2 411 28 0.924119 0.998824 1.44724
1565 2 331 25 1.0165 0.995612 1.1472
1566 2 324 21.7 1.10636 0.937884 1.22639
1567 2 194 17.1 1.06327 1.00813 0.549201
1568 1 429 19.2 1.03925 0.946555 1.26132
1569 1 334 19.1 0.992158 0.966371 1.41642
1570 1 377 18.8 1.01182 0.973373 1.00481
1571 2 388 27 1.00952 0.970212 1.16032
1572 2 413 26.8 0.938013 1.07662 0.538805
1573 1 189 18.3 1.00747 0.966604 1.28878
1574 1 340 19.2 0.945031 0.984788 1.43588
1575 2 186 19.8 1.02596 0.930787 1.41617
1576 1 366 16.6 1.02264 0.956138 1.15989
1577 1 417 18.7 1.007 1.0176 0.623639
1578 1 315 18.2 0.932474 0.905188 2.17932
1580 2 235 19.4 1.11492 0.969886 0.740918
1581 1 204 15.5 1.08994 1.02912 0.207597
1582 2 230 24.2 0.988176 1.00186 1.08384
1583 2 499 25.2 1.01964 0.924459 1.76742
1584 2 243 18.4 1.06865 0.939738 0.93893
1585 2 208 25.4 0.932456 1.01873 1.32078
1586 2 208 24.4 0.91185 1.0656 0.997984
1587 1 435 16.9 0.952489 1.00222 0.877047
1588 2 200 20.7 0.965094 0.988389 1.21937
1589 2 365 25.1 0.998174 1.10859 0.121896
1590 2 426 26 0.988934 0.925693 1.82712
1591 2 282 20.7 1.07841 1.04498 0.233236
1592 1 188 16 0.980376 1.00638 0.917883
1593 1 247 15.3 0.99152 1.04895 0.382834
1594 2 222 25.5 0.915747 1.01061 1.44284
1595 2 241 24.8 0.954542 1.09776 0.487037
1596 2 317 26.2 1.03523 1.04924 0.525855
1597 2 363 24.7 0.980875 1.00442 1.1316
1598 1 244 22.4 1.02955 1.04336 0.723367
1599 1 333 21 0.972789 1.03172 0.922329
1600 2 424 28.3 1.08165 1.11736 -0.144179
1601 1 341 17.4 0.987904 0.988739 1.06964
1602 2 389 24.8 1.09235 0.895715 1.61095
1603 1 361 18.6 1.03085 0.949033 1.30154
1604 2 389 29.5 1.02798 0.921902 1.77467
1605 1 233 17.1 1.0129 0.915692 1.5193
1606 2 221 22.8 1.04682 1.00832 0.748755
1607 1 379 19.6 1.01886 0.944733 1.34574
1608 1 340 17.6 0.981083 0.968487 1.219
1609 1 226 20.7 1.00119 0.957142 1.61545
1610 1 430 20.7 0.971413 0.970005 1.39507
1611 2 187 22.6 1.00391 0.9255 1.71365
1612 1 227 17.7 0.991151 0.932516 1.55173
1613 1 279 18.6 1.0147 0.978361 1.07455
1614 1 380 18.6 1.0234 1.10694 -0.00236918
1615 2 261 20.9 1.01152 0.971103 1.12532
1616 1 264 19.4 1.03724 0.970204 1.18823
1617 1 247 16.6 1.07007 1.0156 0.419978
1618 2 339 25 0.976947 0.967268 1.51603
1619 1 285 18.6 0.967644 1.041 0.910894
1620 1 435 20.5 1.06513 0.936603 1.09226
1621 2 200 18.1 0.992669 0.995099 0.845951
1622 1 393 15.7 1.06345 0.928141 1.02615
1623 2 311 21 1.02495 1.01219 0.760732
1624 2 427 23.5 0.94819 0.986563 1.18871
1625 1 274 19.4 0.974971 1.08747 0.521256
1626 1 437 20.6 0.92528 0.92484 2.08296
1627 2 221 23.7 1.01669 1.02591 0.765632
1628 1 259 20 1.00337 1.02125 0.967424
1629 1 234 18 0.998066 1.05788 0.569932
1631 1 429 19.2 1.11045 1.03257 0.34318
1632 1 287 18.9 1.11724 0.98587 0.628636
1633 2 222 22.5 1.02278 1.07674 0.207825
1634 1 245 19.8 0.998637 1.10327 0.286224
1635 1 252 16.5 0.956341 1.00483 0.979585
1636 1 416 20.2 1.01186 1.00241 0.973008
1637 2 242 22 1.02668 1.01145 0.812353
1638 2 499 21.6 0.979406 1.00488 0.997782
1639 1 273 16 0.95191 0.968591 1.2166
1640 1 247 16.8 1.00669 0.966717 1.06343
1641 2 194 16.4 1.09348 0.950125 0.79857
1642 1 232 17 0.963155 1.01649 0.947141
1643 1 278 18.1 1.04814 1.03482 0.407043
1645 1 232 18.3 1.0213 0.94122 1.43492
1646 1 273 18.8 0.958019 0.959023 1.58033
1647 1 490 19.1 1.01827 1.01677 0.742487
1648 1 443 20.4 1.0171 0.960815 1.34252
1649 2 248 21.3 1.06558 1.03812 0.265648
1650 2 236 21.4 1.05674 0.954136 1.20716
1651 2 284 20.1 0.972593 1.10182 0.246724
1652 1 428 19.1 0.926379 1.05151 0.79886
1653 2 270 18.9 1.0295 0.982177 0.907717
1654 1 307 18.5 0.976781 0.988922 1.24208
1655 2 255 22.8 0.976411 0.941186 1.6695
1656 1 312 15.7 0.97957 1.0128 0.746828
1657 2 283 21 0.995179 1.08783 0.286392
1658 1 238 17.7 1.04325 0.916776 1.55698
1659 1 286 19.8 1.06029 1.001 0.863653
1660 1 213 17.3 0.962786 0.976972 1.34906
1661 1 312 15.9 1.0787 0.97969 0.643041
1662 2 281 20.2 0.972764 1.07724 0.421409
1663 2 318 21.4 1.01835 1.02095 0.774359
1664 2 236 22.5 1.00485 1.03387 0.732479
1665 2 194 13.2 1.12603 0.985764 0.160164
1666 1 212 20.3 1.00266 0.984794 1.39465
1667 2 309 12.6 1.00688 0.966594 0.487707
1668 2 284 25.2 1.05785 1.13873 -0.321182
1671 1 387 17.9 1.01023 0.945748 1.21126
1672 2 501 21.5 1.0194 0.955171 1.33027
1673 2 371 22.6 0.93758 1.06881 0.53671
1674 2 276 21.3 1.02922 0.973009 0.992242
1675 1 254 16.6 0.989137 0 2.51925
1676 1 271 17.8 1.03442 0.972955 1.01999
1677 2 202 24.4 1.0161 1.00104 0.979308
1678 2 223 24.3 1.01163 0.969986 1.34875
1679 1 247 17.8 1.01535 1.03656 0.587486
1680 1 429 18.2 0.982831 0.982803 1.18198
1681 2 283 19.2 1.01178 1.06473 0.2539
1682 1 285 20.3 1.06726 1.05895 0.48053
1683 2 345 21.9 1.00643 1.03818 0.58999
1684 2 199 23.2 1.01626 0.944096 1.54808
1685 1 332 20.1 1.02123 0 -0.828302
1686 1 195 16.5 1.01636 0.999346 0.845863
1687 1 380 17.7 0.988314 0.978295 0.982016
1688 2 236 20.2 1.04891 1.06402 0.208426
1689 2 210 19.6 0.971395 1.02946 0.842702
1690 2 201 25.6 1.01559 1.01757 0.886484
1691 1 374 19.8 0.994038 1.0102 0.967127
1692 1 368 15.7 0.989256 1.04966 0.437095
1693 2 256 19.1 0.995971 1.05117 0.464848
1694 1 206 16.8 1.0055 1.01731 0.700421
1695 1 258 22.5 1.0081 1.08292 0.488952
1696 1 308 21.4 1.04804 0.968922 1.4539
1697 1 213 19.9 0.945901 0.949669 1.82122
1698 1 306 16.4 1.01646 0.975432 1.0349
1699 1 254 17 1.01841 1.00719 0.751744
1700 2 269 20.7 1.05122 1.06121 0.305192
1701 2 201 24.1 1.01576 0.945509 1.54682
1702 1 286 18.4 1.02016 0.949311 1.45056
1703 2 193 24.7 1.04086 0.992502 1.01505
1704 2 358 23.2 1.06878 0.976641 1.11797
1705 2 237 17.7 1.10525 0.935163 0.850619
1706 1 213 19 0.90525 1.04233 1.17438
1707 1 312 18.5 1.03919 1.0146 0.691148
1708 1 224 18.7 0.954603 0.981013 1.40236
1709 2 500 23.6 0.959955 1.05013 0.79652
1710 1 307 19.4 0.993674 0.939664 1.74081
1711 1 362 18.9 0.986568 0.973192 1.33656
1712 1 372 17.2 0.992158 1.03071 0.586528
1713 2 262 27.7 0.949778 1.04099 1.01183
1714 2 243 23.5 0.999183 0 -0.587647
1715 1 374 18.8 0.916629 1.00105 1.25404
1716 2 413 26.2 0.920048 1.04258 1.04133
1717 1 233 17.6 1.01193 0.929387 1.54462
1718 1 188 19.4 0.967083 1.05106 0.805658
1719 1 378 17.2 0.951611 1.03677 0.718295
1720 1 234 19.2 0.99293 1.0808 0.460231
1721 1 436 20.4 0.958242 0.975172 1.30575
1722 2 223 24 0.953495 0.952694 1.74284
1723 2 222 22.8 0.95133 0.98922 1.36098
1724 1 240 19.7 1.07131 1.06747 0.303826
1725 2 242 18.2 0.999688 0.959219 1.10896
1726 1 240 20 0.97524 1.01203 1.10635
1727 1 246 18.1 0.954024 0.979457 1.33938
1728 2 236 21.2 1.01539 1.01078 0.791549
1729 2 309 20.6 0.992939 0.988048 1.11263
1730 1 490 19.9 0.97618 0.96687 1.34249
1731 1 234 17.4 0.981215 1.03498 0.762756
1732 1 286 18.7 0.998085 1.02366 0.842124
1733 2 230 23.8 0.971034 1.02318 1.01885
1734 2 270 16.4 1.00257 1.04781 0.286188
1735 2 231 23.5 1.00387 1.03739 0.751344
1736 2 231 20.4 1.02744 0 -0.463008
1737 1 260 14.2 1.00948 0.993263 0.656858
1738 1 253 14.8 1.13127 1.0178 0.0251665
1739 1 285 19.8 1.03711 0.994901 1.07335
1740 2 434 27.4 0.880478 0.96725 1.915
1741 2 269 19.6 1.03758 1.05646 0.340209
1742 2 242 20.8 0.953712 0.977587 1.29926
1743 2 311 22.9 1.13199 0.993745 0.588174
1744 2 257 22.7 0.966306 0.97361 1.42013
1745 2 229 23.8 0.946999 1.0484 0.869483
1746 2 501 24 1.01193 0.994696 1.15307
1747 2 235 20 0.975761 1.03634 0.812213
1748 1 233 19.2 1.01415 0.970778 1.28428
1749 2 255 20.6 0.986299 0.967792 1.18764
1750 2 228 24.1 1.00568 1.08223 0.41759
1751 1 278 19.9 1.071 1.03935 0.345449
1752 1 240 18 0.994703 1.00083 1.15107
1753 2 262 28.3 0.929352 0.994893 1.45276
1754 2 231 19.7 1.07515 1.01586 0.511676
1755 1 260 17 0.946472 0.968345 1.34716
1756 1 203 17.2 0.976453 0.948671 1.48481
1757 2 237 20.4 1.06187 1.01551 0.540918
1758 2 270 18.1 1.02914 1.05527 0.300541
1759 1 280 15.3 1.02478 0.895146 1.45302
1760 1 232 17.2 0.982994 1.00471 0.945879
1761 2 208 29.3 0.833466 1.08155 1.33765
1762 2 257 23.7 1.0881 1.06342 0.181327
1763 2 248 21.1 0.972586 1.02521 0.79475
1764 2 210 22.4 0.954109 1.0312 1.05705
1765 1 272 16 0.976112 0.965842 1.15753
1766 2 304 22.9 0.983004 0.998986 1.09943
1767 2 427 27.5 0.916324 1.01107 1.23555
1768 1 442 17 1.00015 0.976636 0.996937
1769 2 427 26.5 0.904235 1.00127 1.37057
1770 2 210 20.3 0.957862 1.03137 0.917386
1771 2 230 24 0.936895 0.941746 1.83573
1772 1 274 18.4 0.937307 1.04713 0.881588
1773 1 313 17.5 1.02086 0.997139 0.834603
1774 1 436 18.6 0.948879 1.02402 0.808276
1775 2 248 24.8 0.907158 1.04276 1.05973
1776 1 288 18.2 1.02174 1.12531 -0.0409991
1777 2 499 24.2 1.02047 0.949637 1.41805
1778 2 237 17 1.04833 1.01299 0.344705
1779 2 209 23.4 0.888212 1.01807 1.39925
1780 2 263 25.3 0.992362 1.02323 0.803393
1781 1 266 15.7 1.01159 0.992718 0.82703
1782 2 310 20.8 0.981536 1.03858 0.712625
1783 1 266 17.4 0.935931 1.03894 0.860785
1784 2 500 22.9 0.989511 1.03509 0.754328
1785 2 426 24.7 0.946422 0.973467 1.42964
1786 2 275 20.9 1.09036 1.011 0.232335
1787 2 229 25.5 0.963311 1.03605 0.992274
1788 2 237 17.7 1.08154 1.05094 0.018127
1789 1 307 19.5 0.992509 0.930709 1.82394
1790 1 203 14.2 0.971473 0.985963 0.854839
1791 1 267 13.9 0.901322 1.0557 0.650219
1792 1 280 17.7 1.03119 1.08132 0.116744
1793 2 255 16.7 0.966848 1.00424 0.709565
1794 2 501 22.9 1.05201 0.982889 1.00243
1795 1 258 20.4 1.05057 0.94567 1.52397
1796 2 223 25.8 1.00185 0.949132 1.63062
1797 2 257 23.9 1.05191 1.04838 0.491028
1798 2 236 20.2 1.05158 0.965843 0.974672
1799 1 226 17.7 0.982323 1.05164 0.585483
1800 2 207 22.4 0.90622 0.979859 1.65832
1801 1 265 17.2 1.00334 0.932855 1.50889
1802 2 309 22.6 0.972008 0.990378 1.31136
1803 1 443 19.8 0.979234 0.932163 1.66066
1804 1 266 15.4 1.02576 0.981983 0.776399
1805 2 221 22.6 0.980561 1.0485 0.642841
1806 2 256 21.5 0.995105 1.03113 0.753884
1807 1 267 18.5 0.999308 0.970993 1.30763
1808 2 311 23.4 1.07623 0.995988 0.77256
1809 2 209 27.5 0.852629 1.02008 1.59546
1810 2 310 19.4 1.0182 1.01991 0.604187
1811 2 269 18.8 1.03993 1.05555 0.333032
1812 1 239 16.9 0.990446 1.00821 0.825752
1813 2 310 22.8 0.936209 0.910634 2.09449
1814 1 211 20.6 0.938852 1.03068 1.22122
1815 1 278 18.1 1.02571 0.979209 0.999867
1816 2 261 23 0.944365 1.07297 0.667512
1817 1 206 19.3 1.02479 1.00546 0.938826
1818 2 261 19 1.02506 0.984294 0.902528
1819 1 232 15.8 0.981853 0.987837 1.01465
1820 1 273 16.6 0.975307 1.0524 0.473149
1821 1 213 18.4 0.868392 1.09749 0.834712
1822 1 428 20.7 0.970137 0.981188 1.30351
1823 1 258 21.9 1.01872 0 0
1824 1 224 18 0.993785 1.01039 0.993921
1825 1 436 17.8 1.02279 1.07078 0.0226285
1826 1 204 18.4 1.04969 0.984324 0.930388
1827 2 500 26.8 1.00903 1.05165 0.674594
1828 2 444 26.7 0.967245 1.01479 0.945997
1829 2 434 23.8 0.880252 0.950736 1.92723
1830 2 275 21.8 0.968329 0.98505 1.03443
1831 1 435 17 0.977934 0.898554 1.69266
1832 2 277 17.5 1.04037 1.00938 0.38759
1833 1 435 19.8 0.96805 1.06862 0.464821
1834 1 203 15.2 1.02676 0.97895 0.810122
1835 1 285 18.6 1.04582 1.04002 0.532423
1836 2 235 19.1 0.946097 0.958806 1.34597
1837 2 221 20.7 1.03877 1.01154 0.668157
1838 1 260 15 0.96151 1.0596 0.415928
1839 1 280 14.9 0 0.992306 -0.573953
1840 2 228 16.5 0.966631 0.963619 1.0433
1841 1 239 17.2 1.01982 1.0726 0.182297
1842 1 314 17.2 0.953823 0.990932 1.21307
1843 1 490 19.7 0.991957 0.984867 1.15093
1844 2 499 21.3 0.959377 1.01385 0.973729
1845 2 276 18.2 1.15038 1.04282 -0.401844
1846 2 251 25 1.03022 1.04032 0.588439
1847 1 430 21.5 1.06493 0.99405 0.891287
1848 1 204 17.4 1.04347 1.0018 0.765404
1849 2 276 18.6 1.03335 1.00596 0.486328
1850 2 275 25.5 0.981668 1.06264 0.547524
1851 1 212 19.2 0.938986 0.973168 1.66468
1852 1 244 19.8 1.09054 1.05635 0.383699
1853 1 265 15.7 1.03412 0.987612 0.71733
1854 1 247 17.3 1.00303 1.00561 0.914064
1855 1 264 20.8 1.03565 0.939429 1.53633
1856 2 277 20.6 1.06609 1.04907 0.0909793
1857 1 490 20.8 0.991185 1.02749 0.874978
1858 1 287 16.4 1.03021 0.997136 0.785579
1859 2 241 22.5 0.989006 1.02278 0.846107
1860 2 275 24.1 1.06102 0 -0.655
1861 2 250 20.3 1.03913 0.969515 1.01037
1862 2 207 25.7 0.940143 0.979491 1.67858
1863 2 250 17 1.04447 1.00597 0.573222
1864 2 283 23 0.984837 1.0595 0.634499
1865 1 246 17 0.966982 1.06563 0.523765
1866 2 256 17.9 0.999074 0.940634 1.22392
1867 2 228 21.2 0.908385 0.958596 1.7239
1868 2 255 21.3 1.00698 1.00084 0.894815
1869 1 238 17.8 1.05077 1.02249 0.648543
1870 2 502 23.5 1.01247 0.951612 1.41087
1871 1 272 18.6 1.02395 1.05315 0.545309
1872 1 272 17.1 1.0026 0.976616 1.12252
1873 1 265 16.9 1.00209 0.970154 1.09201
1874 2 201 24.5 0.997154 1.00871 1.10589
1875 2 500 25.1 0.939673 1.07297 0.712135
1876 1 271 19 0.999912 1.03714 0.728432
1877 1 211 20.3 1.00105 1.05576 0.845278
1878 1 206 19.2 1.01629 1.04062 0.681019
1879 1 253 16.4 1.09283 1.04716 0.0829739
1880 1 234 16 1.00156 1.06685 0.347141
1881 1 308 21 1.02222 1.00795 1.14673
1882 1 222 25.5 0.98895 1.13377 0.394786
1883 2 310 20.9 1.00763 1.00018 0.894486
1884 2 221 22.3 1.0894 1.0658 0.0559311
1885 2 269 20.8 1.0501 1.02673 0.613631
1886 1 271 15.7 0.97816 0.974315 1.1588
1888 1 258 20.9 0.985344 1.00473 1.23367
1889 2 311 21.2 1.05277 1.02325 0.55947
1890 1 212 18.2 0.937274 1.02326 1.16594
1891 2 256 22.1 1.03657 0.976504 1.0598
1892 1 226 17.9 1.00807 1.00247 0.875782
1893 1 428 21 0.915768 1.01532 1.23009
1894 2 269 19 0.992651 1.01449 0.834295
1895 2 269 18.7 1.02517 1.04311 0.492102
1896 1 234 17.9 0.991822 1.04218 0.653055
1897 1 252 19.4 0.987962 1.03256 0.782974
1898 2 202 22 0.967064 0.987173 1.30967
1899 1 211 19.6 0.954528 0.966484 1.66342
1900 1 430 20.2 0.967687 1.01905 0.987897
1901 1 443 23.1 0.974568 0.965074 1.57375
1902 2 261 22 0.967606 0.960967 1.4422
1903 1 288 17.2 1.01214 0.936053 1.46026
1904 2 263 24.5 0.997306 1.02363 0.770901
1905 1 272 18 1.00783 0.980164 1.07062
1906 1 238 16.4 1.007 0.983803 0.942629
1907 1 428 20.2 0.956545 1.04457 0.838528
1908 2 263 25.8 1.0186 1.00463 0.893692
1909 1 279 19.3 1.10229 0.974767 0.652625
1910 2 433 24.6 0.91777 0.952133 1.64876
1911 1 212 19.9 0.961947 0.984006 1.56342
1912 1 267 19.5 1.02412 1.00847 0.93042
1913 2 276 19.7 1.02275 1.04145 0.344135
1914 1 238 17 1.1027 0.96147 0.838842
1915 1 347 15.8 0.947124 0.995832 1.06173
1916 1 373 17.8 0.993602 0.971419 1.12746
1917 1 360 19.9 0.995229 1.00272 1.15217
1918 1 366 16.5 1.01897 1.06496 0.302079
1919 2 324 21.4 1.04837 1.07595 0.169847
1920 1 360 18.5 1.04633 1.03781 0.493103
1921 1 333 15.7 0.973595 1.06443 0.362395
1922 2 249 16.5 0.940251 1.10228 0.193886
1923 1 278 18.4 1.02176 0.963097 1.19143
1924 1 280 15.9 0 0.942255 -0.00770702
1925 1 360 16 0.996276 0.94626 1.28971
1926 1 225 18.4 0.954528 1.00851 1.10236
1927 2 331 23.8 0.927584 1.05753 0.918491
1928 2 309 20 0.946169 0.956866 1.39701
1929 1 204 16.4 1.01338 0.959363 1.1173
1930 1 239 15 1.00324 1.01306 0.560769
1931 2 237 16 1.10211 1.08093 -0.389049
1932 2 376 27.1 0.954006 1.0004 1.12715
1933 1 377 20 1.04461 1.0006 0.668528
1934 2 249 19.9 1.05075 1.10099 0.00318888
1935 2 270 18.6 1.05043 1.02339 0.49084
1936 2 304 22.3 1.00551 0.969667 1.38382
1937 2 284 23.1 0.999515 1.13012 -0.0667637
1938 2 210 21.3 0.882761 1.02072 1.30177
1939 2 250 17.8 1.03231 0.961952 1.02259
1940 2 304 24.6 0.952417 0.99457 1.33193
1941 1 286 17.5 1.00843 0.977975 1.17714
1942 1 253 12.2 1.09844 0.909635 0.645831
1943 2 221 22.7 1.04953 1.01713 0.631878
1944 1 239 17.4 1.0219 1.01655 0.732928
1945 2 500 24 0.94801 1.00177 1.30496
1946 1 240 18.7 0.995716 0.996309 1.04854
1947 1 312 16.4 1.01962 0.962392 1.0443
1948 1 491 19.3 1.00663 0.987558 1.05936
1949 1 307 18.3 0.987072 1.05663 0.684268
1950 1 205 17.2 1.01276 1.11747 -0.0333333
1951 1 245 19.9 0.995918 1.00728 1.05247
1952 1 259 20.5 0.922521 0 0
1953 2 207 24.2 0.948876 0.99968 1.36297
1954 1 435 18.2 0.940697 1.00865 1.03485
1956 1 249 20.9 1.10126 1.06196 0.36231
1958 1 491 18.6 0.994709 1.04669 0.560626
1959 2 243 19.3 1.03686 0.885329 1.68956
1960 1 306 18.2 1.01299 0.971792 1.36739
1961 2 309 19 0.958223 0.954295 1.48266
1962 2 229 23.9 0.964069 0.971536 1.54417
1963 2 277 17.2 1.10128 0.905373 0.842873
1964 1 436 17.9 0.978992 0.947455 1.25764
1965 1 245 15.5 1.01831 0.974363 0.906888
1966 1 233 19.4 0.995347 0.941713 1.56741
1967 2 444 23.5 0.96277 0.985066 1.16666
1968 2 499 22.7 1.03801 1.01388 0.72775
1969 1 205 12.4 1.08963 0.95804 0.37763
1970 2 410 23.5 0.875448 0 0
1971 1 266 17.2 0.976918 1.04327 0.693276
1972 1 240 17.7 0.943283 1.03262 0.918576
1973 2 243 24.6 1.05018 1.01804 0.943582
1974 2 248 19.8 0.99745 0.988917 0.962259
1975 1 246 17.8 1.0082 1.01327 0.812802
1976 2 229 22.6 0.989222 0.981191 1.27792
1977 1 287 16.5 0.980242 1.03328 0.779665
1978 2 424 28.8 0.881139 1.07757 0.911502
1979 1 322 17.3 0.98333 1.01199 0.908562
1980 2 270 21.3 1.03805 0 -0.462316
1981 1 239 16.8 1.04758 1.02495 0.507613
1982 1 211 23.8 0.970003 1.02391 1.41744
1983 2 434 27.8 0.87926 1.05594 1.10656
1984 2 242 23.4 0.990305 0.959561 1.48704
1985 1 430 20.6 1.07608 0.945462 1.24192
1986 1 374 18.2 0.918509 1.03628 0.904668
1987 2 434 24.8 0.931444 1.02598 0.855934
1988 1 348 16.9 0.98877 1.11441 -0.0167375
1989 1 288 17.5 1.04824 0.925567 1.40837
1990 2 268 19.5 1.01733 0.967167 0.998016
1991 2 329 22.7 0.954866 1.02445 0.993175
1992 2 427 25.2 0.972514 0.999822 1.15369
1993 1 203 18.9 1.00332 0.991533 1.18228
1994 2 231 21.5 1.00066 1.01985 0.853869
1997 1 183 18.4 0.985982 1.00584 1.15496
1998 2 388 25.8 1.01721 0.997049 0.86158
1999 1 334 19.7 0.994877 0.965086 1.43203
2000 2 376 24 0.972914 1.04667 0.563428
2001 2 363 22.7 0.904244 1.00989 1.3704
2002 2 390 23 0.957351 0.980727 1.25101
2003 2 187 21.3 0.97042 0.949219 1.46554
2004 2 336 23 1.04144 1.00728 0.849785
2005 1 464 20.6 0.996312 0.946354 1.60028
2006 1 478 16.8 0.970708 1.01314 0.786527
2007 1 471 21.1 0.969567 0.946255 1.65941
2008 1 471 19.4 0.971648 1.00378 1.01131
2009 1 478 18.6 0.998905 0.963099 1.21649
2010 1 463 18.4 1.0101 1.01392 0.709979
2011 1 471 20.9 0.995146 0.961479 1.42566
2012 1 478 18.5 0.972722 0.932297 1.60932
2013 1 462 19.5 1.00061 1.07048 0.300278
2014 1 464 17.3 1.04579 0.984792 0.659348
2015 1 447 22.1 0.892662 0.941931 2.12492
2016 2 451 27 1.04934 1.00524 0.9668
2017 1 524 18.5 0.961379 1.01851 0.735326
2018 2 514 25.3 0.895279 1.01306 1.39002
2019 1 504 15.7 1.06242 0.891524 1.27039
2021 2 489 23.6 1.06057 1.03038 0.364829
2022 2 473 30.2 0.932239 1.04477 1.06163
2023 2 508 21.5 1.00066 0.986188 0.984832
2024 2 445 28.1 0.977674 1.02398 0.995366
2025 2 512 25.5 0.940034 0.956593 1.72125
2026 2 468 21.4 0.957687 0.979601 1.21464
2027 1 537 20.8 0.968355 0.960068 1.46463
2028 2 461 25.2 0.928008 1.05952 0.760161
2029 2 433 25.2 0.895978 0.877144 0
2030 1 484 20.3 0.94115 0.99458 1.07823
2031 2 532 27.8 0.905745 1.00204 1.26292
2032 2 474 23.4 1.02509 0.961393 1.32448
2033 2 475 25.3 1.06226 0.947985 1.2785
2034 2 458 20.7 0.910877 1.07647 0.456772
2035 2 440 27 0.949165 0.979961 1.39144
2036 2 445 26.3 0.909071 1.0212 1.22447
2037 2 512 26.8 0.975761 0.9378 1.79341
2038 2 453 29.7 0.939349 0.985292 1.5668
2039 2 440 28 0.953784 0.9511 1.69018
2041 2 458 24 1.01289 1.09797 -0.0929946
2042 2 458 24.1 0.918644 0.946063 1.72767
2043 2 506 25.4 0.933882 1.00281 1.13168
2044 2 511 24 0.916577 1.03999 0.771881
2045 2 533 20.8 0.892482 0 0
2046 2 532 25.2 0.956001 0.956581 1.52325
2047 1 515 20 0.89622 0 0
2048 2 438 28 1.09085 0.967923 1.11171
2049 2 527 23 0.976816 0 -0.463796
2050 2 432 23.7 0.94693 0.944261 1.50656
2051 2 512 23.6 0.950392 1.01406 1.05627
2052 2 446 28.1 1.03834 0.980983 1.04221
2053 1 531 20.4 0.977791 0.983833 1.15944
2054 2 444 24.4 0.925455 0.960188 1.59198
2055 2 467 27.8 0.903513 1.01158 1.44335
2056 2 519 21.8 0.934044 1.00666 0.954279
2057 2 489 19.8 1.00019 1.00392 0.73021
2058 2 439 26.1 0.904596 0.957998 1.86991
2059 1 450 18.5 0.998805 0.949673 1.35023
2060 1 510 19.6 0.993716 0.958994 1.32369
2061 2 451 21.6 0.978043 0.948834 1.50813
2062 2 445 27.2 0.932167 0.983341 1.39663
2063 1 509 18.9 0.958672 1.00908 1.03465
2064 2 528 24.8 0.886985 1.01311 1.25434
2065 2 488 29.4 1.02094 1.01324 0.961042
2066 2 527 25.1 0.926397 1.02258 1.01089
2067 1 483 24.8 0.920623 1.05876 0.588794
2068 1 476 20.7 0.994616 0.935761 1.61397
2069 1 483 24.4 0.920761 1.03049 0.805671
2070 2 508 28 0.917046 1.03369 1.2148
2071 1 530 17.5 0.968325 0.977298 1.08011
2072 2 468 20.7 1.00845 1.09484 0.0640125
2073 1 515 20.5 0.959798 1.13309 0.0373138
2074 1 537 21.7 0.981028 1.07434 0.454932
2075 2 475 23.6 0.953873 1.03737 0.8595
2076 2 505 27.1 0.883434 0 0
2077 1 469 19.6 1.01012 0.9158 1.69317
2078 2 502 23.6 0.975608 1.0462 0.712135
2079 2 432 22.5 0.94258 1.02799 0.775335
2081 2 459 21.3 1.05685 0.950511 1.00953
2082 2 433 24.6 0.890764 1.05641 0.900651
2083 2 466 23.3 0.967786 0.99291 1.04461
2084 1 503 18.4 1.04414 0.934916 1.39444
2085 2 535 24.6 0.940826 0 0
2086 1 521 22.3 0.994071 1.01414 0.97247
2087 2 488 27.8 1.04862 1.03328 0.603234
2088 2 502 22.8 0.969465 0.967913 1.38808
2089 1 524 17.3 0.992018 1.09295 -0.005604
2090 1 530 20.3 0.946203 0.988769 1.31134
2091 2 535 24.9 0.909243 0 0
2092 2 487 24.9 0.947175 1.02188 1.05174
2093 2 508 22.2 0.976988 1.04447 0.542639
2094 1 483 26.5 0 1.05398 0.871917
2095 2 520 25.7 0.896924 1.01533 1.29395
2096 1 537 18.1 1.00237 0.995131 0.799649
2097 1 515 20.5 0.935965 1.0507 0.821699
2098 2 514 25.5 0.879602 1.00975 1.57441
2099 1 521 22.7 0.959664 1.02697 1.08217
2100 2 467 26.7 0.942957 1.09982 0.350525
2101 1 521 20.9 0.986519 0.980949 1.19905
2102 1 455 21.2 0.977556 0.93561 1.74446
2103 2 534 25 0.955537 0.986294 1.26545
2104 2 508 28.2 1.00582 0.959736 1.47726
2105 1 485 20.4 1.07086 0.997892 1.10354
2106 1 442 17.5 0.972856 0.978745 1.12225
2107 2 472 24.5 1.00167 0.984146 1.05571
2108 1 503 16.7 1.07015 0.848472 1.75225
2109 1 442 20.4 1.03382 0.957673 1.27501
2110 2 486 25.5 0.937905 0.99671 1.28423
2111 1 522 21 0.963941 1.01976 0.974994
2112 2 454 24.6 0.879381 0 0
2113 2 438 27.5 0.921124 1.01293 1.28426
2114 2 527 25.6 0.855366 1.0165 1.36278
2116 2 459 20.2 0.978865 0.987539 0.930194
2117 2 439 25.4 0.908024 0.98511 1.42772
2118 1 442 16.7 0.997025 1.00681 0.73913
2119 2 440 26.2 0.979262 0.946698 1.59144
2120 2 505 28.4 0.907867 1.04698 1.03885
2122 2 506 26.9 0.935896 1.00961 1.07134
2123 1 504 20.9 0.991185 0.966048 1.53537
2124 1 441 16.9 0.986087 0.973289 0.98006
2125 2 511 21.9 0.953639 0.960776 1.28158
2126 2 508 25.5 0.933538 0.999359 1.34982
2127 2 528 24 0.915747 1.01968 1.02903
2128 2 466 21.7 1.00229 1.02195 0.612119
2129 1 503 19.1 0.926337 1.06815 0.781354
2130 1 469 20.5 1.06098 1.01948 0.834097
2131 1 510 20.7 1.02187 0.973282 1.12116
2132 2 511 25.5 1.0274 1.07102 0.17527
2133 2 446 27.9 1.06811 0.906786 1.69158
2134 1 515 20.4 0.860285 0 0
2135 2 439 25 0.925924 1.03297 0.944595
2136 2 433 23.9 0.894909 0.878713 2.51753
2137 2 438 26.2 1.05324 1.0013 0.831107
2138 2 453 26.3 0.9933 0.960707 1.54401
2139 2 512 25.9 0.975942 0.976722 1.36936
2140 1 529 16.7 0.935395 0.953327 1.34888
2141 1 523 17.5 0.951067 0.94547 1.42097
2142 1 503 18.9 1.00454 0.970515 1.23664
2143 2 454 23.9 0.937702 0 0
2144 2 468 24.3 0.94139 1.07188 0.628996
2145 1 477 19.5 0.96819 1.01612 0.88274
2146 2 472 26.6 0.977025 0.923241 1.84601
2147 1 530 22.2 1.01784 1.1078 0.241305
2148 2 433 27.1 0.854935 1.01917 1.54158
2149 1 515 19.9 0.957549 1.14769 -0.137371
2150 1 509 17.6 0.995302 1.0016 0.83465
2151 1 529 16.8 0.98332 0.894292 1.71386
2152 1 477 20.9 0.9648 1.00509 1.03085
2153 2 512 27.2 0.976339 0.951693 1.64278
2154 2 440 24.4 1.02217 0.947838 1.32519
2155 1 530 18.5 0.933179 0.945767 1.58855
2156 1 509 18.7 0.945969 0.959324 1.43465
2157 1 509 18.5 0.954919 1.01302 0.968404
2158 2 472 24.5 0.967533 0.916864 1.85698
2159 2 507 26.9 0.920872 1.00497 1.29792
2160 2 488 26 0.993156 1.03955 0.690144
2161 1 443 20.3 0.983967 1.05215 0.610028
2162 1 442 19.9 0.99773 0.911312 1.81003
2163 1 462 21.5 1.02262 1.06937 0.448385
2164 1 523 18.2 0.929083 0.909714 1.94629
2165 2 527 25 0.951405 0.974413 1.33494
2166 1 504 19.7 0.993165 0.987341 1.21132
2167 1 491 20 0.974468 1.08542 0.350925
2168 2 452 25.7 0.964502 0.924044 1.91152
2170 1 485 17.3 0.997498 0.990493 1.10015
2171 2 506 26.3 0.960301 1.02944 0.712274
2172 2 440 27.5 1.01827 0.978897 1.19735
2173 1 478 17.5 0.941738 1.01675 0.844335
2174 2 514 23.6 0.921764 1.05441 0.891283
2175 1 503 18.2 1.05824 0.873977 1.8185
2176 2 482 26.1 0.931878 0.979421 1.34403
2177 2 439 21.1 0.941442 0.972665 1.2315
2178 2 532 26.8 0.925925 1.01178 1.16418
2179 2 475 26.9 1.04978 0.931139 1.60256
2180 2 465 26.5 1.04848 1.09659 -0.00263107
2181 2 534 22.3 0.929115 1.01444 0.918602
2182 1 510 21 1.00828 0.938724 1.55492
2183 2 489 19.3 1.05754 0.975496 0.71207
2184 2 525 22.1 0.925671 1.0135 0.980921
2186 2 534 25.4 0.969684 1.00188 1.12325
2187 2 446 29.2 1.0475 0.97196 1.12407
2188 2 534 25.6 0.918436 1.07685 0.624516
2189 1 517 21.4 0.916052 1.02128 1.17107
2191 2 452 27 0.924877 0.914715 2.16932
2192 2 451 23.8 0.951176 0.953477 1.68155
2193 1 510 20.3 0.978112 0.973841 1.31525
2194 2 525 26.2 0.894816 1.04396 1.06996
2195 2 489 20.8 1.03938 0.958741 1.03612
2196 1 485 19.3 1.03397 1.02819 0.889191
2197 1 477 17.3 0.976482 0.949124 1.25151
2198 2 513 29.2 0.966812 1.1131 0.16557
2199 2 527 23.8 0.921663 1.00499 1.12903
2200 1 462 16.2 0.968652 0 0
2201 2 528 23.7 0.936498 0.980655 1.31215
2202 2 487 28.1 0.861442 1.08624 0.968616
2204 1 509 18.3 0.97899 1.00633 0.926211
2205 1 441 21.5 0.976379 0.991271 1.17501
2206 2 432 21.3 0.926137 0.934927 1.65254
2207 2 508 25.3 0.963419 1.01424 1.08231
2208 1 521 22.4 0.99773 0.953287 1.58935
2209 1 463 18.1 0.995987 0.9718 1.00998
2210 2 432 25.5 0.922935 0.998162 1.33188
2211 2 453 27.4 0.992132 0.964533 1.55962
2212 2 526 22.5 0.909901 0.944366 1.67248
2213 2 520 27.6 0.890848 1.1108 0.643316
2214 2 440 25.7 0.972189 0.912418 1.96739
2215 2 519 26.6 0.895321 0.971574 1.65049
2216 2 451 25.5 0.804848 0.987353 2.40474
2217 2 468 20.6 0.981889 0.97387 1.10621
2218 1 476 21.7 0.980361 0.999807 1.23929
2219 1 509 15.1 0.982202 0.983693 0.796244
2220 2 466 22.3 1.02149 0.930172 1.42773
2221 2 526 26.2 0.907591 1.05188 0.90245
2222 2 466 24.2 0.961868 1.00741 1.00242
2223 2 460 29.7 0.973526 0.978397 1.4201
2224 2 454 25.8 0.884222 0 0
2225 1 485 17.8 1.10217 1.07396 0.449523
2226 1 463 17.3 0.976572 0.935889 1.345
2227 2 514 25.3 0.926598 1.05937 0.695934
2228 2 444 22.7 0.998858 0.959234 1.26666
2229 2 507 25 0.896873 0.989656 1.65234
2230 2 528 22.6 0.96461 0.993975 1.03747
2231 2 444 24.6 1.07006 0.894267 1.67849
2232 2 505 27.5 0.954191 1.07462 0.588221
2233 2 506 25.7 0 0 0
2234 1 442 16.5 1.01717 1.00997 0.554745
2236 1 523 15.5 0.985879 0.990684 0.705359
2237 1 536 21.1 0.980027 1.0653 0.52244
2238 2 432 25.3 0.936577 0.959212 1.53906
2239 2 502 22.6 0.954997 1.02179 0.938713
2240 2 513 27 1.00976 1.08301 0.249955
2241 2 458 23.1 0.976619 0.924123 1.65172
2242 1 485 18.4 0.965629 0.987817 1.16514
2243 1 517 20.3 1.0417 0.976301 1.03479
2244 2 525 24.5 0.893625 0.998608 1.3881
2245 2 473 28.4 1.02448 0.982132 1.25193
2246 1 510 20.9 1.02173 0.923229 1.58741
2247 2 454 26 0.871968 0 0
2249 1 504 19.9 0.954562 0.997226 1.32946
2250 2 438 26.8 0.988464 1.05945 0.523931
2251 1 441 21.3 0.969444 0.99114 1.2594
2252 2 527 24.7 0.960771 0.981269 1.2687
2253 1 536 20.8 1.00399 1.09475 0.205563
2254 2 461 24.7 0.977957 0.966428 1.29139
2256 1 529 18.7 0.940015 0.970856 1.35479
2257 1 469 21.4 1.02 1.08824 0.501605
2258 2 467 29.1 0.898713 1.0812 0.867402
2259 1 504 19.6 0.986015 0.972887 1.28601
2260 1 485 20.6 1.05224 1.02666 0.945736
2261 2 452 25.7 0.999471 1.12752 -0.0981834
2262 2 482 26.7 0.946241 0.97587 1.37652
2263 2 459 21.5 0.973307 0.99723 0.903616
2264 2 475 25.9 0.961986 0.93707 1.77259
2265 2 461 27 0.944121 0.970719 1.51544
2266 2 432 20.4 0.990779 0.918194 1.3669
2267 1 504 19 0.990413 1.01932 0.853514
2268 2 514 25 0.98645 1.01427 0.860918
2269 2 438 24.6 0.970962 0.920795 1.93616
2270 2 513 29.1 0.986588 1.029 0.755869
2271 2 518 21.3 0.920258 1.03824 0.797734
2272 2 446 26.5 1.0051 0.955575 1.36161
