1 0 0
2 0 0
3 0 0
4 0 0
5 0 0
6 0 0
7 0 0
8 0 0
9 0 0
10 0 0
11 0 0
12 0 0
13 0 0
14 0 0
15 0 0
16 0 0
17 0 0
18 0 0
19 0 0
20 0 0
21 0 0
22 0 0
23 0 0
24 0 0
25 0 0
26 0 0
27 0 0
28 0 0
29 0 0
30 0 0
31 0 0
32 0 0
33 0 0
34 0 0
35 0 0
36 0 0
37 0 0
38 0 0
39 0 0
40 0 0
41 0 0
42 0 0
43 0 0
44 0 0
45 0 0
46 0 0
47 0 0
48 0 0
49 0 0
50 0 0
51 0 0
52 0 0
53 0 0
54 0 0
55 0 0
56 0 0
57 0 0
58 0 0
59 0 0
60 0 0
61 0 0
62 0 0
63 0 0
64 0 0
65 0 0
66 0 0
67 0 0
68 0 0
69 0 0
70 0 0
71 0 0
72 0 0
73 0 0
74 0 0
75 0 0
76 0 0
77 0 0
78 0 0
79 0 0
80 0 0
81 0 0
82 0 0
83 0 0
84 0 0
85 0 0
86 0 0
87 0 0
88 0 0
89 0 0
90 0 0
91 0 0
92 0 0
93 0 0
94 0 0
95 0 0
96 0 0
97 0 0
98 0 0
99 0 0
100 0 0
101 0 0
102 0 0
103 0 0
104 0 0
105 0 0
106 0 0
107 0 0
108 0 0
109 0 0
110 0 0
111 0 0
112 0 0
113 0 0
114 0 0
115 0 0
116 0 0
117 0 0
118 0 0
119 0 0
120 0 0
121 0 0
122 0 0
123 0 0
124 0 0
125 0 0
126 0 0
127 0 0
128 0 0
129 0 0
130 0 0
131 0 0
132 0 0
133 0 0
134 0 0
135 0 0
136 0 0
137 0 0
138 0 0
139 0 0
140 0 0
141 0 0
142 0 0
143 0 0
144 0 0
145 0 0
146 0 0
147 0 0
148 0 0
149 0 0
150 0 0
151 0 0
152 0 0
153 0 0
154 0 0
155 0 0
156 0 0
157 0 0
158 0 0
159 0 0
160 0 0
161 0 0
162 0 0
163 0 0
164 0 0
165 0 0
166 0 0
167 0 0
168 0 0
169 0 0
170 0 0
171 0 0
172 0 0
173 0 0
174 0 0
175 0 0
176 0 0
177 0 0
178 0 0
179 0 0
180 0 0
181 0 0
182 0 0
183 0 0
184 0 0
185 0 0
186 0 0
187 0 0
188 0 0
189 0 0
190 0 0
191 0 0
192 0 0
193 0 0
194 0 0
195 0 0
196 0 0
197 0 0
198 0 0
199 0 0
200 0 0
201 0 0
202 0 0
203 0 0
204 0 0
205 0 0
206 0 0
207 0 0
208 0 0
209 0 0
210 0 0
211 0 0
212 0 0
213 0 0
214 0 0
215 0 0
216 0 0
217 0 0
218 0 0
219 0 0
220 0 0
221 0 0
222 0 0
223 0 0
224 0 0
225 0 0
226 0 0
227 0 0
228 0 0
229 0 0
230 0 0
231 0 0
232 0 0
233 0 0
234 0 0
235 0 0
236 0 0
237 0 0
238 0 0
239 0 0
240 0 0
241 0 0
242 0 0
243 0 0
244 0 0
245 0 0
246 0 0
247 0 0
248 0 0
249 0 0
250 0 0
251 0 0
252 0 0
253 0 0
254 0 0
255 0 0
256 0 0
257 0 0
258 0 0
259 0 0
260 0 0
261 0 0
262 0 0
263 0 0
264 0 0
265 0 0
266 0 0
267 0 0
268 0 0
269 0 0
270 0 0
271 0 0
272 0 0
273 0 0
274 0 0
275 0 0
276 0 0
277 0 0
278 0 0
279 0 0
280 0 0
281 0 0
282 0 0
283 0 0
284 0 0
285 0 0
286 0 0
287 0 0
288 0 0
289 0 0
290 0 0
291 0 0
292 0 0
293 0 0
294 0 0
295 0 0
296 0 0
297 0 0
298 0 0
299 0 0
300 0 0
301 0 0
302 0 0
303 0 0
304 0 0
305 0 0
306 0 0
307 0 0
308 0 0
309 0 0
310 0 0
311 0 0
312 0 0
313 0 0
314 0 0
315 0 0
316 0 0
317 0 0
318 0 0
319 0 0
320 0 0
321 0 0
322 0 0
323 0 0
324 0 0
325 0 0
326 0 0
327 0 0
328 0 0
329 0 0
330 0 0
331 0 0
332 0 0
333 0 0
334 0 0
335 0 0
336 0 0
337 0 0
338 0 0
339 0 0
340 0 0
341 0 0
342 0 0
343 0 0
344 0 0
345 150 323
346 104 277
347 91 263
348 81 253
349 141 314
350 157 330
351 47 219
352 58 230
353 69 241
354 50 222
355 104 277
356 123 296
357 149 322
358 95 267
359 160 333
360 157 330
361 105 278
362 55 227
363 127 300
364 157 330
365 22 194
366 166 339
367 116 289
368 81 253
369 157 330
370 77 249
371 104 277
372 65 237
373 51 223
374 157 330
375 35 207
376 62 234
377 62 234
378 40 212
379 31 203
380 138 311
381 91 263
382 150 323
383 149 322
384 104 277
385 116 289
386 112 285
387 59 231
388 41 213
389 141 314
390 88 260
391 14 186
392 44 216
393 116 289
394 95 267
395 22 194
396 154 327
397 104 277
398 85 257
399 18 190
400 91 263
401 109 282
402 123 296
403 59 231
404 134 307
405 22 194
406 50 222
407 168 226
408 31 203
409 116 289
410 77 249
411 18 190
412 94 266
413 108 281
414 65 237
415 138 311
416 166 339
417 150 323
418 40 212
419 47 219
420 55 227
421 19 191
422 18 190
423 58 230
424 160 333
425 62 234
426 150 323
427 91 263
428 95 267
429 35 207
430 123 296
431 31 203
432 157 330
433 116 289
434 138 311
435 123 296
436 50 222
437 117 290
438 150 323
439 149 322
440 105 278
441 109 282
442 81 253
443 150 323
444 134 307
445 157 330
446 157 330
447 44 216
448 41 213
449 149 322
450 141 314
451 116 289
452 95 267
453 13 185
454 116 289
455 157 330
456 22 194
457 95 267
458 117 290
459 91 263
460 73 245
461 22 194
462 167 340
463 104 277
464 59 231
465 85 257
466 141 314
467 41 213
468 154 327
469 91 263
470 19 191
471 69 241
472 36 208
473 85 257
474 73 245
475 58 230
476 157 330
477 50 222
478 85 257
479 150 323
480 153 326
481 65 237
482 27 199
483 44 216
484 104 277
485 138 311
486 109 282
487 19 191
488 91 263
489 157 330
490 50 222
491 73 245
492 109 282
493 14 186
494 104 277
495 62 234
496 105 278
497 31 203
498 117 290
499 88 260
500 154 327
501 50 222
502 47 219
503 150 323
504 117 290
505 104 277
506 112 285
507 98 271
508 166 339
509 160 333
510 116 289
511 160 333
512 153 326
513 134 307
514 104 277
515 157 330
516 135 308
517 31 203
518 120 293
519 157 330
520 81 253
521 104 277
522 167 340
523 95 267
524 138 311
525 149 322
526 149 322
527 167 340
528 22 194
529 69 241
530 104 277
531 112 285
532 138 311
533 50 222
534 109 282
535 149 322
536 51 223
537 134 307
538 153 326
539 88 260
540 94 266
541 69 241
542 157 330
543 81 253
544 22 194
545 123 296
546 123 296
547 65 237
548 123 296
549 44 216
550 109 282
551 141 314
552 104 277
553 150 323
554 95 267
555 59 231
556 149 322
557 109 282
558 160 333
559 149 322
560 109 282
561 65 237
562 22 194
563 104 277
564 150 323
565 26 198
566 62 234
567 40 212
568 109 282
569 168 226
570 50 222
571 160 333
572 166 339
573 116 289
574 65 237
575 81 253
576 101 274
577 69 241
578 35 207
579 116 289
580 41 213
581 36 208
582 91 263
583 105 278
584 55 227
585 138 311
586 31 203
587 50 222
588 112 285
589 160 333
590 40 212
591 94 266
592 58 230
593 166 339
594 168 226
595 85 257
596 138 311
597 51 223
598 95 267
599 55 227
600 153 326
601 153 326
602 154 327
603 18 190
604 149 322
605 41 213
606 50 222
607 47 219
608 95 267
609 167 340
610 149 322
611 117 290
612 117 290
613 141 314
614 13 185
615 116 289
616 40 212
617 81 253
618 58 230
619 22 194
620 81 253
621 160 333
622 160 333
623 117 290
624 112 285
625 36 208
626 13 185
627 62 234
628 134 307
629 14 186
630 130 303
631 153 326
632 104 277
633 157 330
634 40 212
635 145 318
636 50 222
637 134 307
638 91 263
639 35 207
640 69 241
641 58 230
642 116 289
643 85 257
644 138 311
645 85 257
646 112 285
647 77 249
648 44 216
649 104 277
650 50 222
651 95 267
652 94 266
653 157 330
654 22 194
655 77 249
656 55 227
657 50 222
658 81 253
659 168 226
660 31 203
661 50 222
662 145 318
663 104 277
664 138 311
665 95 267
666 81 253
667 91 263
668 65 237
669 50 222
670 62 234
671 134 307
672 101 274
673 149 322
674 22 194
675 123 296
676 81 253
677 157 330
678 116 289
679 47 219
680 104 277
681 81 253
682 101 274
683 47 219
684 31 203
685 113 286
686 51 223
687 85 257
688 22 194
689 138 311
690 149 322
691 104 277
692 104 277
693 150 323
694 22 194
695 123 296
696 150 323
697 36 208
698 150 323
699 153 326
700 145 318
701 149 322
702 145 318
703 36 208
704 130 303
705 81 253
706 85 257
707 153 326
708 134 307
709 160 333
710 157 330
711 73 245
712 51 223
713 65 237
714 55 227
715 66 238
716 74 246
717 66 238
718 110 283
719 19 191
720 161 334
721 14 186
722 36 208
723 105 278
724 113 286
725 78 250
726 124 297
727 109 282
728 142 315
729 101 274
730 121 294
731 55 227
732 14 186
733 66 238
734 37 209
735 142 315
736 161 334
737 142 315
738 142 315
739 44 216
740 41 213
741 86 258
742 138 311
743 36 208
744 91 263
745 70 242
746 19 191
747 55 227
748 86 258
749 86 258
750 161 334
751 51 223
752 55 227
753 161 334
754 109 282
755 32 204
756 86 258
757 161 334
758 113 286
759 150 323
760 150 323
761 86 258
762 150 323
763 113 286
764 161 334
765 32 204
766 27 199
767 55 227
768 66 238
769 169 341
770 19 191
771 105 278
772 51 223
773 142 315
774 135 308
775 113 286
776 66 238
777 161 334
778 74 246
779 127 300
780 86 258
781 135 308
782 109 282
783 55 227
784 169 341
785 86 258
786 74 246
787 150 323
788 161 334
789 51 223
790 51 223
791 138 311
792 105 278
793 127 300
794 166 339
795 161 334
796 113 286
797 124 297
798 55 227
799 55 227
800 55 227
801 19 191
802 32 204
803 161 334
804 142 315
805 127 300
806 142 315
807 161 334
808 169 341
809 37 209
810 105 278
811 109 282
812 166 339
813 142 315
814 37 209
815 27 199
816 169 341
817 127 300
818 124 297
819 113 286
820 169 341
821 138 311
822 161 334
823 161 334
824 161 334
825 36 208
826 14 186
827 86 258
828 121 294
829 74 246
830 161 334
831 86 258
832 142 315
833 32 204
834 127 300
835 135 308
836 55 227
837 138 311
838 27 199
839 27 199
840 95 267
841 37 209
842 14 186
843 109 282
844 32 204
845 86 258
846 109 282
847 56 228
848 142 315
849 138 311
850 19 191
851 14 186
852 86 258
853 169 341
854 169 341
855 14 186
856 32 204
857 124 297
858 27 199
859 44 216
860 117 290
861 105 278
862 55 227
863 74 246
864 110 283
865 86 258
866 74 246
867 105 278
868 127 300
869 78 250
870 113 286
871 124 297
872 113 286
873 142 315
874 14 186
875 55 227
876 86 258
877 86 258
878 86 258
879 36 208
880 41 213
881 113 286
882 59 231
883 56 228
884 55 227
885 19 191
886 142 315
887 56 228
888 27 199
889 138 311
890 105 278
891 27 199
892 127 300
893 124 297
894 105 278
895 110 283
896 169 341
897 27 199
898 86 258
899 59 231
900 41 213
901 51 223
902 135 308
903 142 315
904 30 202
905 121 294
906 32 204
907 161 334
908 113 286
909 66 238
910 86 258
911 110 283
912 121 294
913 91 263
914 27 199
915 113 286
916 135 308
917 59 231
918 138 311
919 117 290
920 37 209
921 55 227
922 32 204
923 55 227
924 138 311
925 110 283
926 91 263
927 74 246
928 37 209
929 74 246
930 32 204
931 105 278
932 15 187
933 55 227
934 37 209
935 55 227
936 166 339
937 44 216
938 32 204
939 124 297
940 138 311
941 105 278
942 121 294
943 32 204
944 105 278
945 66 238
946 124 297
947 56 228
948 117 290
949 36 208
950 138 311
951 161 334
952 113 286
953 105 278
954 27 199
955 51 223
956 14 186
957 113 286
958 56 228
959 110 283
960 150 323
961 113 286
962 14 186
963 32 204
964 86 258
965 86 258
966 113 286
967 138 311
968 161 334
969 166 339
970 55 227
971 109 282
972 15 187
973 37 209
974 66 238
975 36 208
976 32 204
977 32 204
978 101 274
979 27 199
980 14 186
981 150 323
982 121 294
983 14 186
984 150 323
985 150 323
986 110 283
987 138 311
988 70 242
989 15 187
990 14 186
991 109 282
992 66 238
993 142 315
994 150 323
995 55 227
996 59 231
997 74 246
998 113 286
999 44 216
1000 124 297
1001 95 267
1002 169 341
1003 19 191
1004 124 297
1005 56 228
1006 55 227
1007 95 267
1008 105 278
1009 121 294
1010 74 246
1011 41 213
1012 142 315
1013 113 286
1014 74 246
1015 127 300
1016 161 334
1017 169 341
1018 74 246
1019 84 256
1020 142 315
1021 57 229
1022 142 315
1023 97 269
1024 83 255
1025 147 320
1026 43 215
1027 24 196
1028 21 193
1029 119 292
1030 158 331
1031 74 246
1032 161 334
1033 131 304
1034 158 331
1035 83 255
1036 46 218
1037 79 251
1038 79 251
1039 128 301
1040 51 223
1041 131 304
1042 132 305
1043 132 305
1044 132 305
1045 119 292
1046 23 195
1047 158 331
1048 96 268
1049 74 246
1050 75 247
1051 79 251
1052 162 335
1053 92 264
1054 38 210
1055 24 196
1056 23 195
1057 66 238
1058 23 195
1059 118 291
1060 61 233
1061 102 275
1062 20 192
1063 57 229
1064 33 205
1065 83 255
1066 162 335
1067 67 239
1068 24 196
1069 79 251
1070 83 255
1071 43 215
1072 33 205
1073 96 268
1074 24 196
1075 38 210
1076 97 269
1077 80 252
1078 67 239
1079 33 205
1080 21 193
1081 43 215
1082 43 215
1083 80 252
1084 92 264
1085 131 304
1086 79 251
1087 119 292
1088 93 265
1089 92 264
1090 93 265
1091 79 251
1092 118 291
1093 102 275
1094 51 223
1095 162 335
1096 67 239
1097 21 193
1098 66 238
1099 92 264
1100 93 265
1101 83 255
1102 161 334
1103 147 320
1104 75 247
1105 75 247
1106 57 229
1107 45 217
1108 132 305
1109 93 265
1110 70 242
1111 44 216
1112 79 251
1113 42 214
1114 51 223
1115 103 276
1116 119 292
1117 80 252
1118 56 228
1119 161 334
1120 66 238
1121 75 247
1122 118 291
1123 74 246
1124 44 216
1125 156 329
1126 33 205
1127 42 214
1128 162 335
1129 158 331
1130 46 218
1131 67 239
1132 51 223
1133 57 229
1134 131 304
1135 80 252
1136 83 255
1137 20 192
1138 158 331
1139 80 252
1140 132 305
1141 66 238
1142 42 214
1143 110 283
1144 83 255
1145 93 265
1146 24 196
1147 158 331
1148 66 238
1149 43 215
1150 79 251
1151 147 320
1152 75 247
1153 118 291
1154 45 217
1155 156 329
1156 147 320
1157 74 246
1158 66 238
1159 67 239
1160 103 276
1161 38 210
1162 61 233
1163 103 276
1164 103 276
1165 80 252
1166 128 301
1167 102 275
1168 80 252
1169 44 216
1170 44 216
1171 51 223
1172 70 242
1173 161 334
1174 83 255
1175 24 196
1176 20 192
1177 44 216
1178 70 242
1179 162 335
1180 51 223
1181 162 335
1182 84 256
1183 33 205
1184 70 242
1185 44 216
1186 84 256
1187 101 274
1188 79 251
1189 79 251
1190 67 239
1191 83 255
1192 97 269
1193 119 292
1194 97 269
1195 45 217
1196 70 242
1197 51 223
1198 92 264
1199 103 276
1200 66 238
1201 51 223
1202 21 193
1203 128 301
1204 162 335
1205 67 239
1206 74 246
1207 93 265
1208 42 214
1209 61 233
1210 101 274
1211 128 301
1212 102 275
1213 110 283
1214 46 218
1215 24 196
1216 61 233
1217 42 214
1218 156 329
1219 79 251
1220 92 264
1221 96 268
1222 70 242
1223 102 275
1224 24 196
1225 110 283
1226 70 242
1227 150 323
1228 172 344
1229 51 223
1230 169 341
1231 64 236
1232 89 261
1233 133 306
1234 95 267
1235 33 205
1236 21 193
1237 38 210
1238 92 264
1239 25 197
1240 93 265
1241 46 218
1242 102 275
1243 102 275
1244 57 229
1245 24 196
1246 63 235
1247 117 290
1248 15 187
1249 111 284
1250 136 309
1251 148 321
1252 46 218
1253 25 197
1254 33 205
1255 25 197
1256 151 324
1257 148 321
1258 106 279
1259 24 196
1260 117 290
1261 21 193
1262 38 210
1263 155 328
1264 138 311
1265 84 256
1266 122 295
1267 86 258
1268 147 320
1269 68 240
1270 96 268
1271 28 200
1272 117 290
1273 155 328
1274 95 267
1275 106 279
1276 136 309
1277 67 239
1278 84 256
1279 155 328
1280 28 200
1281 151 324
1282 28 200
1283 46 218
1284 128 301
1285 67 239
1286 143 316
1287 71 243
1288 106 279
1289 115 288
1290 155 328
1291 96 268
1292 97 269
1293 28 200
1294 150 323
1295 38 210
1296 164 337
1297 67 239
1298 42 214
1299 89 261
1300 106 279
1301 151 324
1302 42 214
1303 125 298
1304 151 324
1305 133 306
1306 140 313
1307 147 320
1308 57 229
1309 106 279
1310 143 316
1311 150 323
1312 34 206
1313 119 292
1314 38 210
1315 106 279
1316 95 267
1317 155 328
1318 148 321
1319 111 284
1320 28 200
1321 48 220
1322 46 218
1323 150 323
1324 38 210
1325 99 272
1326 119 292
1327 151 324
1328 129 302
1329 106 279
1330 106 279
1331 20 192
1332 92 264
1333 148 321
1334 158 331
1335 84 256
1336 87 259
1337 45 217
1338 15 187
1339 158 331
1340 122 295
1341 119 292
1342 100 273
1343 152 325
1344 95 267
1345 28 200
1346 146 319
1347 43 215
1348 80 252
1349 33 205
1350 151 324
1351 52 224
1352 106 279
1353 79 251
1354 132 305
1355 142 315
1356 142 315
1357 100 273
1358 32 204
1359 158 331
1360 147 320
1361 96 268
1362 45 217
1363 110 283
1364 45 217
1365 96 268
1366 56 228
1367 21 193
1368 151 324
1369 138 311
1370 84 256
1371 24 196
1372 106 279
1373 38 210
1374 64 236
1375 111 284
1376 33 205
1377 45 217
1378 46 218
1379 158 331
1380 136 309
1381 128 301
1382 28 200
1383 83 255
1384 38 210
1385 84 256
1386 34 206
1387 155 328
1388 147 320
1389 106 279
1390 63 235
1391 155 328
1392 89 261
1393 151 324
1394 97 269
1395 106 279
1396 21 193
1397 84 256
1398 97 269
1399 43 215
1400 155 328
1401 96 268
1402 110 283
1403 28 200
1404 147 320
1405 101 274
1406 42 214
1407 24 196
1408 83 255
1409 142 315
1410 42 214
1411 66 238
1412 147 320
1413 87 259
1414 79 251
1415 61 233
1416 45 217
1417 92 264
1418 147 320
1419 64 236
1420 87 259
1421 142 315
1422 33 205
1423 67 239
1424 139 312
1425 132 305
1426 89 261
1427 43 215
1428 142 315
1429 158 331
1430 28 200
1431 33 205
1432 46 218
1433 25 197
1434 117 290
1435 99 272
1436 99 272
1437 142 315
1438 89 261
1439 46 218
1440 142 315
1441 154 327
1442 92 264
1443 67 239
1444 158 331
1445 87 259
1446 115 288
1447 147 320
1448 136 309
1449 95 267
1450 15 187
1451 46 218
1452 63 235
1453 33 205
1454 142 315
1455 143 316
1456 158 331
1457 119 292
1458 96 268
1459 93 265
1460 164 337
1461 155 328
1462 139 312
1463 45 217
1464 99 272
1465 117 290
1466 86 258
1467 151 324
1468 142 315
1469 155 328
1470 68 240
1471 33 205
1472 155 328
1473 117 290
1474 136 309
1475 119 292
1476 102 275
1477 57 229
1478 33 205
1479 128 301
1480 95 267
1481 82 254
1482 138 311
1483 33 205
1484 100 273
1485 155 328
1486 138 311
1487 42 214
1488 46 218
1489 122 295
1490 106 279
1491 38 210
1492 151 324
1493 155 328
1494 151 324
1495 139 312
1496 96 268
1497 28 200
1498 43 215
1499 147 320
1500 133 306
1501 92 264
1502 158 331
1503 96 268
1504 42 214
1505 95 267
1506 71 243
1507 158 331
1508 97 269
1509 51 223
1510 67 239
1511 128 301
1512 117 290
1513 33 205
1514 138 311
1515 143 316
1516 42 214
1517 139 312
1518 151 324
1519 89 261
1520 143 316
1521 148 321
1522 133 306
1523 150 323
1524 92 264
1525 117 290
1526 133 306
1527 28 200
1528 136 309
1529 43 215
1530 115 288
1531 67 239
1532 87 259
1533 158 331
1534 68 240
1535 106 279
1536 28 200
1537 52 224
1538 52 224
1539 80 252
1540 43 215
1541 33 205
1542 71 243
1543 136 309
1544 57 229
1545 133 306
1546 155 328
1547 114 287
1548 61 233
1549 89 261
1550 139 312
1551 57 229
1552 67 239
1553 102 275
1554 155 328
1555 61 233
1556 155 328
1557 97 269
1558 102 275
1559 15 187
1560 84 256
1561 148 321
1562 93 265
1563 67 239
1564 64 236
1565 42 214
1566 67 239
1567 86 258
1568 61 233
1569 48 220
1570 155 328
1571 71 243
1572 46 218
1573 150 323
1574 28 200
1575 95 267
1576 38 210
1577 33 205
1578 52 224
1579 93 265
1580 101 274
1581 161 334
1582 63 235
1583 126 299
1584 32 204
1585 20 192
1586 20 192
1587 137 310
1588 82 254
1589 89 261
1590 143 316
1591 87 259
1592 95 267
1593 142 315
1594 118 291
1595 122 295
1596 155 328
1597 133 306
1598 20 192
1599 133 306
1600 21 193
1601 106 279
1602 89 261
1603 99 272
1604 89 261
1605 92 264
1606 136 309
1607 139 312
1608 28 200
1609 142 315
1610 49 221
1611 117 290
1612 118 291
1613 142 315
1614 146 319
1615 132 305
1616 158 331
1617 142 315
1618 52 224
1619 16 188
1620 137 310
1621 82 254
1622 106 279
1623 151 324
1624 49 221
1625 42 214
1626 152 325
1627 136 309
1628 147 320
1629 138 311
1630 152 325
1631 61 233
1632 87 259
1633 118 291
1634 122 295
1635 92 264
1636 46 218
1637 142 315
1638 126 299
1639 83 255
1640 142 315
1641 86 258
1642 154 327
1643 60 232
1644 52 224
1645 154 327
1646 83 255
1647 162 335
1648 89 261
1649 56 228
1650 132 305
1651 147 320
1652 122 295
1653 33 205
1654 170 342
1655 60 232
1656 151 324
1657 67 239
1658 32 204
1659 16 188
1660 42 214
1661 151 324
1662 87 259
1663 61 233
1664 132 305
1665 86 258
1666 20 192
1667 106 279
1668 147 320
1669 67 239
1670 164 337
1671 128 301
1672 163 336
1673 122 295
1674 142 315
1675 51 223
1676 52 224
1677 135 308
1678 142 315
1679 142 315
1680 61 233
1681 67 239
1682 16 188
1683 46 218
1684 151 324
1685 114 287
1686 96 268
1687 146 319
1688 132 305
1689 101 274
1690 45 217
1691 164 337
1692 158 331
1693 67 239
1694 151 324
1695 151 324
1696 158 331
1697 42 214
1698 96 268
1699 51 223
1700 125 298
1701 45 217
1702 16 188
1703 169 341
1704 57 229
1705 79 251
1706 42 214
1707 151 324
1708 110 283
1709 129 302
1710 170 342
1711 136 309
1712 33 205
1713 139 312
1714 32 204
1715 164 337
1716 46 218
1717 92 264
1718 95 267
1719 25 197
1720 138 311
1721 129 302
1722 142 315
1723 118 291
1724 87 259
1725 142 315
1726 87 259
1727 101 274
1728 132 305
1729 106 279
1730 162 335
1731 138 311
1732 16 188
1733 63 235
1734 33 205
1735 138 311
1736 138 311
1737 67 239
1738 70 242
1739 16 188
1740 140 313
1741 125 298
1742 142 315
1743 151 324
1744 105 278
1745 27 199
1746 163 336
1747 101 274
1748 92 264
1749 60 232
1750 154 327
1751 60 232
1752 87 259
1753 139 312
1754 138 311
1755 67 239
1756 82 254
1757 79 251
1758 33 205
1759 45 217
1760 154 327
1761 20 192
1762 105 278
1763 56 228
1764 101 274
1765 63 235
1766 45 217
1767 49 221
1768 54 225
1769 49 221
1770 101 274
1771 63 235
1772 42 214
1773 151 324
1774 129 302
1775 56 228
1776 147 320
1777 126 299
1778 79 251
1779 42 214
1780 158 331
1781 124 297
1782 28 200
1783 124 297
1784 129 302
1785 143 316
1786 142 315
1787 27 199
1788 79 251
1789 170 342
1790 82 254
1791 161 334
1792 45 217
1793 60 232
1794 163 336
1795 151 324
1796 142 315
1797 105 278
1798 132 305
1799 142 315
1800 66 238
1801 132 305
1802 106 279
1803 89 261
1804 124 297
1805 136 309
1806 67 239
1807 161 334
1808 151 324
1809 42 214
1810 28 200
1811 125 298
1812 79 251
1813 28 200
1814 66 238
1815 60 232
1816 132 305
1817 151 324
1818 132 305
1819 154 327
1820 83 255
1821 42 214
1822 122 295
1823 151 324
1824 110 283
1825 129 302
1826 161 334
1827 129 302
1828 158 331
1829 140 313
1830 151 324
1831 137 310
1832 96 268
1833 137 310
1834 82 254
1835 16 188
1836 101 274
1837 136 309
1838 67 239
1839 45 217
1840 154 327
1841 79 251
1842 28 200
1843 162 335
1844 126 299
1845 142 315
1846 155 328
1847 49 221
1848 161 334
1849 142 315
1850 151 324
1851 20 192
1852 20 192
1853 132 305
1854 142 315
1855 158 331
1856 96 268
1857 162 335
1858 87 259
1859 122 295
1860 151 324
1861 86 258
1862 66 238
1863 86 258
1864 67 239
1865 101 274
1866 67 239
1867 154 327
1868 60 232
1869 32 204
1870 7 179
1871 63 235
1872 63 235
1873 132 305
1874 45 217
1875 129 302
1876 52 224
1877 66 238
1878 151 324
1879 70 242
1880 138 311
1881 158 331
1882 118 291
1883 28 200
1884 136 309
1885 125 298
1886 52 224
1887 151 324
1888 151 324
1889 151 324
1890 20 192
1891 67 239
1892 142 315
1893 122 295
1894 125 298
1895 125 298
1896 138 311
1897 92 264
1898 135 308
1899 66 238
1900 49 221
1901 89 261
1902 132 305
1903 147 320
1904 158 331
1905 63 235
1906 32 204
1907 122 295
1908 158 331
1909 142 315
1910 159 332
1911 20 192
1912 161 334
1913 142 315
1914 32 204
1915 87 259
1916 143 316
1917 43 215
1918 38 210
1919 67 239
1920 43 215
1921 133 306
1922 96 268
1923 60 232
1924 45 217
1925 43 215
1926 136 309
1927 42 214
1928 106 279
1929 161 334
1930 79 251
1931 79 251
1932 155 328
1933 155 328
1934 96 268
1935 33 205
1936 45 217
1937 147 320
1938 101 274
1939 86 258
1940 45 217
1941 16 188
1942 70 242
1943 136 309
1944 79 251
1945 129 302
1946 87 259
1947 151 324
1948 90 262
1949 170 342
1950 24 196
1951 122 295
1952 147 320
1953 66 238
1954 137 310
1955 151 324
1956 171 343
1957 60 232
1958 90 262
1959 32 204
1960 96 268
1961 106 279
1962 27 199
1963 96 268
1964 129 302
1965 122 295
1966 92 264
1967 158 331
1968 126 299
1969 24 196
1970 106 279
1971 124 297
1972 87 259
1973 32 204
1974 56 228
1975 101 274
1976 27 199
1977 87 259
1978 21 193
1979 96 268
1980 33 205
1981 79 251
1982 66 238
1983 140 313
1984 142 315
1985 49 221
1986 164 337
1987 140 313
1988 148 321
1989 147 320
1990 143 316
1991 38 210
1992 49 221
1993 82 254
1994 138 311
1995 128 301
1996 52 224
1997 56 228
1998 71 243
1999 48 220
2000 155 328
2001 133 306
2002 68 240
2003 117 290
2004 111 284
2005 97 270
2006 144 317
2007 159 332
2008 159 332
2009 144 317
2010 97 269
2011 159 332
2012 144 317
2013 162 335
2014 97 270
2015 52 224
2016 126 299
2017 107 280
2018 8 180
2019 119 292
2020 61 233
2021 156 329
2022 68 240
2023 11 183
2024 29 201
2025 12 184
2026 53 225
2027 3 175
2028 97 269
2029 159 332
2030 46 218
2031 6 178
2032 144 317
2033 126 299
2034 162 335
2035 89 261
2036 29 201
2037 12 184
2038 49 221
2039 89 261
2040 137 310
2041 162 335
2042 162 335
2043 34 206
2044 1 173
2045 10 182
2046 6 178
2047 165 338
2048 64 236
2049 25 197
2050 152 325
2051 12 184
2052 34 206
2053 25 197
2054 158 331
2055 125 298
2056 107 280
2057 156 329
2058 54 225
2059 115 288
2060 9 181
2061 126 299
2062 29 201
2063 144 317
2064 129 302
2065 162 335
2066 25 197
2067 76 248
2068 126 299
2069 76 248
2070 11 183
2071 129 302
2072 53 225
2073 165 338
2074 3 175
2075 126 299
2076 61 233
2077 100 273
2078 7 179
2079 152 325
2080 119 292
2081 129 302
2082 159 332
2083 100 273
2084 84 256
2085 3 175
2086 119 292
2087 162 335
2088 7 179
2089 107 280
2090 129 302
2091 3 175
2092 165 338
2093 11 183
2094 76 248
2095 107 280
2096 3 175
2097 165 338
2098 8 180
2099 119 292
2100 125 298
2101 119 292
2102 93 265
2103 4 176
2104 11 183
2105 140 313
2106 54 225
2107 84 256
2108 84 256
2109 54 225
2110 159 332
2111 21 193
2112 61 233
2113 64 236
2114 25 197
2115 119 292
2116 129 302
2117 54 225
2118 54 225
2119 89 261
2120 61 233
2121 115 288
2122 34 206
2123 119 292
2124 72 244
2125 1 173
2126 11 183
2127 129 302
2128 100 273
2129 84 256
2130 100 273
2131 9 181
2132 1 173
2133 34 206
2134 165 338
2135 54 225
2136 159 332
2137 64 236
2138 49 221
2139 12 184
2140 163 336
2141 119 292
2142 84 256
2143 61 233
2144 100 273
2145 17 189
2146 84 256
2147 129 302
2148 159 332
2149 165 338
2150 144 317
2151 163 336
2152 17 189
2153 12 184
2154 89 261
2155 129 302
2156 144 317
2157 144 317
2158 84 256
2159 34 206
2160 162 335
2161 89 261
2162 54 225
2163 103 276
2164 119 292
2165 25 197
2166 119 292
2167 90 262
2168 143 316
2169 52 224
2170 140 313
2171 34 206
2172 89 261
2173 144 317
2174 8 180
2175 84 256
2176 140 313
2177 54 225
2178 6 178
2179 126 299
2180 39 211
2181 4 176
2182 9 181
2183 156 329
2184 163 336
2185 137 310
2186 4 176
2187 34 206
2188 4 176
2189 111 284
2190 119 292
2191 143 316
2192 126 299
2193 9 181
2194 163 336
2195 156 329
2196 140 313
2197 17 189
2198 5 177
2199 25 197
2200 103 276
2201 129 302
2202 165 338
2203 119 292
2204 144 317
2205 72 244
2206 152 325
2207 11 183
2208 119 292
2209 162 335
2210 152 325
2211 49 221
2212 144 317
2213 107 280
2214 89 261
2215 107 280
2216 126 299
2217 53 225
2218 126 299
2219 144 317
2220 100 273
2221 144 317
2222 125 298
2223 103 276
2224 61 233
2225 140 313
2226 162 335
2227 8 180
2228 158 331
2229 34 206
2230 129 302
2231 158 331
2232 61 233
2233 34 206
2234 54 225
2235 93 265
2236 119 292
2237 2 174
2238 152 325
2239 7 179
2240 5 177
2241 162 335
2242 140 313
2243 111 284
2244 163 336
2245 68 240
2246 9 181
2247 61 233
2248 93 265
2249 119 292
2250 64 236
2251 72 244
2252 25 197
2253 2 174
2254 97 269
2255 93 265
2256 163 336
2257 100 273
2258 125 298
2259 119 292
2260 140 313
2261 143 316
2262 140 313
2263 129 302
2264 126 299
2265 97 269
2266 152 325
2267 119 292
2268 8 180
2269 64 236
2270 5 177
2271 156 329
2272 34 206
